wordID,unitID,wordSeq,wordToken,wordTranscript
1,1,0,We,We
2,1,1,need,need
3,1,2,a,a
4,1,3, ,--
5,2,0, ,..
6,2,1, ,..
7,2,2,Do,Do
8,2,3,you,you
9,2,4,have,have
10,2,5,any,any
11,2,6,sharp,sharp
12,2,7,objects,objects
13,2,8,on,on
14,2,9,you,you
15,2,10, ,?
16,3,0, ,...
17,3,1,No,%No
18,3,2, ,.
19,4,0, ,...
20,4,1,Keys,Keys
21,4,2, ,?
22,5,0, ,...
23,5,1,No,No
24,5,2,I,I
25,5,3,need,need
26,5,4,like,like
27,5,5,a,a
28,5,6,little,little
29,5,7,pin,pin
30,5,8,or,or
31,5,9,something,something
32,5,10, ,.
33,6,0, ,...
34,6,1,You,You
35,6,2,have,have
36,6,3,a,[a
37,6,4,pencil,|pencil]
38,6,5, ,?
39,7,0,You,[You
40,7,1,have,|have
41,7,2,anything,|anything]
42,7,3,in,in
43,7,4,your,your
44,7,5,hair,hair
45,7,6, ,?
46,8,0, ,...
47,8,1,No,No
48,8,2, ,.
49,9,0, ,..
50,10,0, ,...
51,10,1,Fuck,Fuck
52,10,2, ,.
53,11,0, ,...
54,11,1,What,What
55,11,2,do,do
56,11,3,you,you
57,11,4,have,have
58,11,5,to,to
59,11,6,hit,hit
60,11,7, ,.
61,12,0,See,See
62,12,1,this,this
63,12,2,is,is
64,12,3,the,the
65,12,4,little,[little]
66,12,5, ,--
67,13,0,BEEP,[{BEEP}
68,14,0,Oh,|Oh
69,14,1, ,.
70,15,0, ,|..
71,15,1,Oh,|Oh
72,15,2,oh,|oh
73,15,3, ,.
74,16,0, ,..
75,16,1,Cool,Cool
76,16,2, ,?
77,17,0, ,|..
78,17,1,Okay,|Okay
79,17,2, ,.
80,18,0, ,|...
81,18,1, ,|
82,18,2,Alright,|Alrigh:t
83,18,3, ,|
84,18,4, ,.
85,19,0, ,|..
86,19,1,See,|See
87,19,2, ,","
88,20,0,it,|it
89,20,1,was,|was
90,20,2,just,|just
91,20,3,slow,|slow
92,20,4, ,.
93,21,0, ,|..
94,21,1, ,|
95,21,2,Okay,|Okay
96,21,3, ,.
97,22,0,This,|This
98,22,1,is,|is
99,22,2,me,|me
100,22,3, ,?
101,23,0, ,|...
102,23,1,Is,|Is
103,23,2,this,|this
104,23,3,me,|[me]
105,23,4, ,?
106,24,0,Yeah,[Yeah]
107,24,1, ,.
108,25,0, ,..
109,25,1,Yeah,Yeah
110,25,2, ,.
111,26,0, ,...
112,26,1,Jennifer,~Jennifer
113,26,2, ,.
114,27,0, ,...
115,27,1,Oh,Oh
116,27,2, ,.
117,28,0, ,...
118,28,1,That's,That's
119,28,2,right,right
120,28,3, ,.
121,29,0, ,..
122,29,1,There,There
123,29,2,you,you
124,29,3,go,go
125,29,4,thinking,thinking
126,29,5,again,again
127,29,6, ,.
128,30,0, ,..
129,30,1,Smart,Smart
130,30,2,ass,ass
131,30,3, ,.
132,31,0, ,..
133,31,1,KISS,{KISS}
134,32,0, ,..
135,32,1,Smart,Smart
136,32,2,ass,ass
137,32,3, ,.
138,33,0,Alright,Alright
139,33,1, ,.
140,34,0, ,...
141,35,0,Wow,Wow
142,35,1, ,.
143,36,0,Who,Who
144,36,1,took,took
145,36,2,over,over
146,36,3,uh,uh
147,36,4, ,","
148,37,0, ,..
149,37,1,Oh,Oh
150,37,2, ,.
151,38,0,They,They
152,38,1,got,got
153,38,2,North,North
154,38,3,America,America
155,38,4, ,.
156,39,0,But,But
157,39,1, ,..
158,39,2,not,not
159,39,3,for,for
160,39,4,long,lo:ng
161,39,5, ,.
162,40,0, ,...
163,40,1,Oh,Oh:
164,40,2, ,","
165,41,0,my,[#my
166,41,1,God,|#God]
167,41,2, ,.
168,42,0,WHISTLE,[{WHISTLE}]
169,43,0, ,..
170,43,1,Oh,Oh
171,43,2,my,my
172,43,3,God,God
173,43,4, ,","
174,44,0,did,did
175,44,1,you,you
176,44,2,see,[see
177,44,3,that,|that]
178,44,4, ,?
179,45,0,Because,[Because
180,45,1,player,|player]
181,45,2,thr,thr-
182,45,3, ,--
183,46,0, ,..
184,46,1,player,player
185,46,2,three,three
186,46,3,is,is
187,46,4,aggressive,aggressive
188,46,5, ,","
189,47,0,so,so
190,47,1,he's,he's
191,47,2,gonna,gonna
192,47,3,like,like
193,47,4,go,go
194,47,5,for,for
195,47,6,everything,every[thing]
196,47,7, ,.
197,48,0,How,[How
198,48,1,do,|do
199,48,2,you,|you]
200,48,3,know,know
201,48,4, ,.
202,49,0,Did,Did
203,49,1,I,I
204,49,2,make,make
205,49,3,him,him
206,49,4,aggressive,aggres[2sive]
207,49,5, ,?
208,50,0,Yeah,[2Yeah
209,50,1, ,","
210,51,0,you,|2you
211,51,1,made,|2made
212,51,2,him,|2him2]
213,51,3,aggressive,aggressive
214,51,4, ,","
215,52,0,so,so
216,52,1, ,","
217,53,0, ,...
218,53,1,he's,he's
219,53,2,gonna,gonna
220,53,3,like,like
221,53,4, ,","
222,54,0,try,try
223,54,1,to,to
224,54,2,tear,tear
225,54,3,everything,everything
226,54,4,up,up
227,54,5,now,now
228,54,6, ,.
229,55,0, ,...
230,55,1,Um,U:m
231,55,2, ,","
232,56,0,that's,that's
233,56,1,pretty,pretty
234,56,2,well,well
235,56,3, ,","
236,57,0,like,like
237,57,1,secure,secure
238,57,2,right,right
239,57,3,there,there
240,57,4, ,","
241,58,0,so,so
242,58,1,maybe,maybe
243,58,2, ,--
244,59,0, ,...
245,59,1,That's,That's
246,59,2,me,me
247,59,3, ,","
248,60,0, ,...
249,60,1, ,##
250,61,0, ,...
251,61,1,Oh,Oh:
252,61,2,fuck,fuck
253,61,3, ,.
254,62,0, ,...
255,62,1,Wow,Wow
256,62,2, ,","
257,63,0,he,he
258,63,1,wiped,wiped
259,63,2,my,my
260,63,3,ass,ass
261,63,4,out,out
262,63,5, ,.
263,64,0, ,...
264,64,1,BEEP,{BEEP}
265,65,0, ,...
266,65,1,Ah,Ah:
267,65,2, ,","
268,66,0,you,you
269,66,1,suck,suck
270,66,2, ,.
271,67,0,Watch,Watch
272,67,1,this,this
273,67,2, ,.
274,68,0, ,...
275,68,1,Looser,Looser
276,68,2, ,.
277,69,0, ,...
278,70,0,What,What
279,70,1,else,else
280,70,2,can,can
281,70,3,we,we
282,70,4,do,[do
283,70,5,tomorrow,|tomorrow]
284,70,6, ,","
285,71,0, ,[]
286,72,0,besides,besides
287,72,1,go,go
288,72,2,to,to
289,72,3,the,the
290,72,4,movies,movies
291,72,5, ,.
292,73,0, ,...
293,73,1,t,t-
294,73,2, ,--
295,74,0, ,..
296,74,1,Go,Go
297,74,2,out,out
298,74,3,to,to
299,74,4,dinner,dinner
300,74,5, ,?
301,75,0, ,...
302,75,1,I'm,I'm
303,75,2,so,so:
304,75,3,not,not
305,75,4,hungry,hungry
306,75,5,right,right
307,75,6,now,now
308,75,7, ,","
309,76,0,it's,it's
310,76,1,hard,hard
311,76,2,for,for
312,76,3,me,me
313,76,4,to,to
314,76,5,think,think
315,76,6,about,about
316,76,7,food,food
317,76,8, ,.
318,77,0, ,..
319,77,1,Alright,Alright
320,77,2, ,.
321,78,0, ,...
322,78,1,I'd,I'd
323,78,2,like,like
324,78,3,to,to
325,78,4,go,go
326,78,5,out,out
327,78,6,to,to
328,78,7,dinner,dinner
329,78,8,though,though
330,78,9, ,.
331,79,0, ,...
332,79,1,Think,Think
333,79,2,we,we
334,79,3,can,can
335,79,4,find,find
336,79,5,a,a
337,79,6,hot,hot
338,79,7,tub,tub
339,79,8, ,?
340,80,0, ,...
341,80,1,Yeah,Yeah
342,80,2, ,","
343,81,0,that's,that's
344,81,1,a,a
345,81,2,good,good
346,81,3,idea,idea
347,81,4, ,.
348,82,0, ,...
349,82,1,That's,That's
350,82,2,an,an
351,82,3,excellent,excellent
352,82,4,idea,idea
353,82,5, ,.
354,83,0, ,..
355,83,1, ,..
356,83,2,There,There
357,83,3,you,you
358,83,4,go,[go
359,83,5,thinking,|thinking
360,83,6,again,|again
361,83,7,again,|again]
362,83,8, ,.
363,84,0,There,[There
364,84,1,you,|you
365,84,2,go,|go
366,84,3,thinking,|thinking
367,84,4,again,|again]
368,84,5, ,.
369,85,0, ,...
370,85,1,I'm,I'm
371,85,2,gonna,gonna
372,85,3,whip,whip
373,85,4,your,your
374,85,5,butt,butt
375,85,6, ,.
376,86,0,BEEP,{BEEP}
377,87,0,You,You
378,87,1,think,think
379,87,2,so,so
380,87,3, ,.
381,88,0,hunh,hunh
382,88,1, ,?
383,89,0, ,...
384,89,1,Yeah,Yeah
385,89,2, ,.
386,90,0,Ununh,Ununh.
387,90,1, ,-.
388,91,0, ,...
389,91,1, ,@@@
390,92,0, ,...
391,93,0, ,...
392,93,1,That's,That's
393,93,2,all,[all
394,93,3,I,|I
395,93,4,get,|get]
396,93,5, ,?
397,94,0, ,[]
398,94,1, ,...
399,94,2, ,[2]
400,95,0,That's,[2That's]
401,95,1,me,me
402,95,2, ,","
403,96,0,right,right
404,96,1, ,?
405,97,0,Yeah,Yeah
406,97,1,you,you
407,97,2,get,get
408,97,3,a,a
409,97,4,percentage,percentage
410,97,5,of,of
411,97,6,the,the
412,97,7,amount,amount
413,97,8,of,of
414,97,9,countries,countries
415,97,10,you,you
416,97,11,own,own
417,97,12, ,","
418,98,0, ,...
419,98,1,and,and
420,98,2,then,then
421,98,3, ,","
422,99,0, ,...
423,99,1,for,for
424,99,2,continents,continents
425,99,3,you,you
426,99,4,get,get
427,99,5,another,another
428,99,6, ,..
429,99,7,set,set
430,99,8, ,...
431,99,9,amount,amount
432,99,10, ,.
433,100,0, ,...
434,100,1,So,So
435,100,2,can,can
436,100,3,I,I
437,100,4,get,get
438,100,5,something,something
439,100,6,on,on
440,100,7,this,this
441,100,8,bad,bad
442,100,9,boy,boy
443,100,10, ,?
444,101,0, ,..
445,101,1,Yeah,Yeah
446,101,2, ,.
447,102,0, ,..
448,102,1,See,See
449,102,2, ,?
450,103,0, ,...
451,103,1,So,So
452,103,2,I,I
453,103,3,hit,hit
454,103,4,okay,okay
455,103,5, ,?
456,104,0,Yeah,Yeah
457,104,1, ,.
458,105,0,Hit,Hit
459,105,1,okay,[okay]
460,105,2, ,.
461,106,0,BEEP,[{BEEP}
462,107,0, ,|...
463,107,1,See,|[2See
464,107,2,you,||2you
465,107,3,got,||2got
466,107,4,one,||2one
467,107,5,of,||2of
468,107,6,each,||2each
469,107,7,kind,||2kind
470,107,8,of,||2of]
471,107,9,card,|card
472,107,10, ,.
473,108,0, ,[2
474,108,1,Excellent,|2Ex:cellent]
475,108,2, ,.
476,109,0,Oh,Oh
477,109,1,okay,okay
478,109,2, ,.
479,110,0, ,...
480,110,1,So,So
481,110,2,I,I
482,110,3,get,get
483,110,4, ,","
484,111,0,So,|So
485,111,1,you,|you
486,111,2,got,|got
487,111,3,ten,|te:n
488,111,4, ,","
489,112,0, ,|...
490,112,1,looks,|[looks
491,112,2,like,|like
492,112,3,sixteen,|six]teen
493,112,4, ,.
494,113,0,Sixteen,[Sixteen]
495,113,1, ,?
496,114,0, ,...
497,114,1,Who,Who
498,114,2,you,you
499,114,3,gonna,gonna
500,114,4,trounce,trounce
501,114,5,on,on
502,114,6, ,.
503,115,0, ,...
504,115,1,That's,That's
505,115,2,you,you
506,115,3,up,up
507,115,4,there,there
508,115,5, ,","
509,116,0,too,too
510,116,1, ,","
511,117,0,right,right
512,117,1,there,there
513,117,2, ,","
514,118,0,you,you
515,118,1,know,know
516,118,2, ,.
517,119,0, ,...
518,119,1,That's,That's
519,119,2,me,me
520,119,3,right,right
521,119,4,there,there
522,119,5, ,.
523,120,0,Too,Too
524,120,1, ,.
525,121,0,Oh,Oh
526,121,1,yeah,yeah
527,121,2, ,.
528,122,0, ,...
529,122,1,Um,U:m
530,122,2, ,","
531,123,0, ,...
532,123,1,When,When
533,123,2,w,w-
534,123,3,you,you
535,123,4,take,take
536,123,5,over,over
537,123,6,another,another
538,123,7,person,person
539,123,8, ,","
540,124,0,you,you
541,124,1,take,take
542,124,2,a,a-
543,124,3, ,--
544,125,0,you,you
545,125,1,get,get
546,125,2, ,","
547,126,0, ,...
548,126,1,their,their
549,126,2,cards,cards
550,126,3, ,.
551,127,0, ,..
552,128,0, ,..
553,128,1,The,The
554,128,2,MSG,MSG
555,128,3,in,in
556,128,4,that,that
557,128,5, ,...
558,128,6,Chinese,Chinese
559,128,7,food,food
560,128,8,really,really
561,128,9,got,got
562,128,10,me,me
563,128,11,high,h:igh
564,128,12,for,for
565,128,13,a,a
566,128,14,little,little
567,128,15,bit,bit
568,128,16, ,.
569,129,0, ,...
570,129,1,Does,Does
571,129,2,MSG,MSG
572,129,3,affect,affect
573,129,4,you,you
574,129,5, ,?
575,130,0, ,...
576,130,1,No,No
577,130,2, ,.
578,131,0, ,...
579,131,1,Not,Not
580,131,2,really,really
581,131,3, ,.
582,132,0, ,...
583,132,1,It,It
584,132,2,affects,affects
585,132,3,my,my
586,132,4,mother,mother
587,132,5, ,.
588,133,0,Gives,Gives
589,133,1,her,her
590,133,2,headaches,headaches
591,133,3, ,.
592,135,0, ,...
593,135,1,Are,Are
594,135,2,you,you
595,135,3,gonna,gonna
596,135,4,attack,attack
597,135,5,over,over
598,135,6,there,there
599,135,7, ,?
600,136,0, ,...
601,136,1,I,I
602,136,2,don't,don't
603,136,3,know,know
604,136,4, ,.
605,137,0, ,...
606,137,1,Thirteen,Thirteen
607,137,2, ,.
608,138,0,That,That
609,138,1,leaves,leaves
610,138,2,me,me
611,138,3,with,with
612,138,4,thirteen,thirteen
613,138,5, ,.
614,139,0,I,I
615,139,1,wanna,wanna
616,139,2,fortify,f:ortify
617,139,3, ,","
618,140,0, ,...
619,140,1,You,You
620,140,2,can't,can't
621,140,3,move,move
622,140,4,those,those
623,140,5,to,to
624,140,6,there,there
625,140,7, ,","
626,141,0,because,because
627,141,1,they're,they're
628,141,2,not,not
629,141,3,touching,touching
630,141,4, ,.
631,142,0, ,...
632,142,1,W,W-
633,142,2,w,w-
634,142,3,well,well
635,142,4,that's,that's
636,142,5,kind,kind
637,142,6,of,of
638,142,7,bogus,bogus
639,142,8, ,.
640,143,0, ,...
641,143,1,Nununh,[Nununh].
642,143,2, ,-.
643,144,0,Maybe,[Maybe
644,144,1,I'll,|I'll
645,144,2,move,|move
646,144,3,em,|em
647,144,4, ,|]
648,144,5,right,right
649,144,6,there,there
650,144,7, ,.
651,145,0, ,...
652,145,1,Done,[2Done]
653,145,2, ,.
654,146,0, ,[2#]
655,147,0, ,..
656,147,1,Done,Done
657,147,2, ,.
658,148,0, ,...
659,148,1,BEEP,{BEEP}
660,149,0,Oh,Oh
661,149,1,fuck,fuck
662,149,2, ,.
663,151,0, ,..
664,152,0, ,...
665,152,1,Oh,[Oh]
666,152,2, ,.
667,153,0,BEEP,[{BEEP}
668,154,0, ,|:
669,155,0, ,|...
670,155,1,Who's,|Who's
671,155,2,this,|this
672,155,3,guy,|guy
673,155,4, ,.
674,156,0, ,...
675,156,1,Player,[Player
676,156,2,six,|six]
677,156,3, ,?
678,157,0,Yakutsk,|[Yakutsk]
679,157,1, ,.
680,158,0, ,...
681,158,1,Look,Look
682,158,2,at,at
683,158,3,that,that
684,158,4, ,.
685,159,0, ,...
686,159,1,See,See
687,159,2,if,if
688,159,3,I,I
689,159,4,have,have
690,159,5,any,any
691,159,6,cards,cards
692,159,7, ,.
693,160,0, ,...
694,161,0, ,..
695,161,1,Oh,Oh
696,161,2, ,","
697,162,0, ,..
698,163,0, ,..
699,163,1,I,I
700,163,2,got,got
701,163,3,a,a
702,163,4,set,[set]
703,163,5, ,.
704,164,0,BEEP,[{BEEP}
705,165,0, ,|...
706,165,1, ,|
707,165,2, ,|
708,165,3,You,|You
709,165,4,know,|know
710,165,5,what,|what
711,165,6,I,|I
712,165,7,think,|think
713,165,8, ,","
714,166,0,I,|I
715,166,1,think,|think
716,166,2,the,|the
717,166,3,first,|first
718,166,4,time,|time
719,166,5,that,|that
720,166,6,it,|it
721,166,7,oes,|0oes
722,166,8,the,|the
723,166,9,card,|card
724,166,10,mode,|mode
725,166,11, ,","
726,167,0, ,|..
727,167,1, ,|
728,167,2, ,|
729,167,3, ,|..
730,167,4,It,|[It
731,167,5,takes,|takes
732,167,6,a,|a
733,167,7,long,|long]
734,167,8,time,time
735,167,9, ,.
736,168,0,Yeah,[Yeah
737,168,1, ,.
738,169,0, ,|..
739,169,1,Yeah,|Yeah]
740,169,2, ,.
741,170,0, ,...
742,170,1,You,You
743,170,2,remember,remember
744,170,3,the,the
745,170,4,last,last
746,170,5,time,time
747,170,6, ,","
748,171,0,that's,that's
749,171,1,what,what
750,171,2,happened,happened
751,171,3, ,.
752,172,0,Yeah,Yeah
753,172,1, ,.
754,173,0, ,..
755,173,1,You,You
756,173,2,remember,remember
757,173,3, ,?
758,174,0, ,..
759,174,1,Yeah,Yeah
760,174,2, ,.
761,175,0, ,..
762,175,1,Look,Look
763,175,2,at,at
764,175,3,you,you
765,175,4,being,being
766,175,5,smart,smart
767,175,6, ,.
768,176,0, ,...
769,176,1, ,@...
770,176,2,I'm,I'm
771,176,3,not,not
772,176,4,smart,smart
773,176,5, ,?
774,177,0, ,..
775,177,1,You're,You're
776,177,2,stupid,stupid
777,177,3, ,.
778,178,0, ,...
779,178,1,Don't,Don't
780,178,2,call,call
781,178,3,me,me
782,178,4,stupid,stupid
783,178,5, ,.
784,179,0,Mm,Mm
785,179,1, ,.
786,180,0, ,...
787,180,1,KISS,{KISS}
788,181,0, ,...
789,181,1,Alright,Alright
790,181,2, ,.
791,182,0, ,...
792,182,1,Look,Look
793,182,2,at,at
794,182,3,you,you
795,182,4,with,with
796,182,5,the,the
797,182,6,uh,uh
798,182,7,little,little
799,182,8,armies,armies
800,182,9,down,down
801,182,10,here,here
802,182,11, ,.
803,183,0, ,..
804,183,1, ,..
805,183,2, ,[
806,183,3,Big,|Big
807,183,4,armies,|armies
808,183,5, ,.
809,184,0,Trying,[Trying
810,184,1,to,|to
811,184,2, ,--
812,185,0,trying,|trying
813,185,1,to,|to
814,185,2,win,|win
815,185,3, ,.
816,186,0,I,|I
817,186,1,got,|got]
818,186,2,big,bi:g
819,186,3,armies,armies
820,186,4, ,","
821,187,0,buddy,[2buddy
822,187,1, ,|2]
823,187,2, ,.
824,188,0,trying,|[2trying
825,188,1,to,||2to]
826,188,2,conquer,|conquer
827,188,3,the,|the
828,188,4,world,|world
829,188,5, ,.
830,189,0, ,..
831,189,1,I'm,I'm
832,189,2,gonna,gonna
833,189,3,conquer,conquer
834,189,4, ,--
835,190,0,I'm,I'm
836,190,1,gonna,gonna
837,190,2,conquer,conquer
838,190,3,you,you
839,190,4, ,.
840,191,0, ,|@
841,192,0, ,|..
842,192,1, ,|[
843,192,2,Probably,|Probably]
844,192,3, ,.
845,193,0, ,[
846,193,1, ,|##
847,193,2, ,|]
848,194,0, ,...
849,194,1,Oo,Oo:
850,194,2, ,.
851,195,0,He's,He's
852,195,1,giving,giving
853,195,2,you,you
854,195,3,some,some
855,195,4,problems,problems
856,195,5,over,over
857,195,6,there,there
858,195,7, ,.
859,197,0,He,He
860,197,1,is,is
861,197,2,indeed,indeed
862,197,3, ,.
863,198,0, ,...
864,198,1,Go,Go
865,198,2,for,for
866,198,3,that,that
867,198,4,one,one
868,198,5, ,.
869,199,0, ,...
870,199,1,Go,Go
871,199,2,into,into
872,199,3,Europe,Europe
873,199,4, ,.
874,200,0,Get,Get
875,200,1,Europe,Europe
876,200,2, ,.
877,201,0, ,...
878,201,1,WHISTLE,{WHISTLE}
879,202,0,Oop,Oop
880,202,1, ,.
881,203,0, ,..
882,203,1,You,You
883,203,2,won't,won't
884,203,3,attack,attack
885,203,4,me,me
886,203,5,yet,yet
887,203,6, ,.
888,204,0, ,...
889,204,1,I,I
890,204,2,think,think
891,204,3,I'll,I'll
892,204,4,stop,stop
893,204,5,there,there
894,204,6, ,.
895,205,0, ,...
896,205,1,Hmm,@Hmm
897,205,2, ,.
898,206,0, ,..
899,207,0,I,I
900,207,1,only,only
901,207,2,have,have
902,207,3,uh,uh
903,207,4, ,","
904,208,0, ,..
905,208,1,that,that
906,208,2,many,many
907,208,3,cards,cards
908,208,4, ,","
909,209,0,so,so
910,209,1, ,","
911,211,0,How,How
912,211,1,many,many
913,211,2,cards,cards
914,211,3,you,you
915,211,4,have,have
916,211,5, ,.
917,212,0, ,..
918,212,1,You,[You
919,212,2,only,|only
920,212,3,have,|have
921,212,4,two,|two]
922,212,5, ,.
923,213,0,Just,[Just
924,213,1,two,|two]
925,213,2, ,.
926,214,0,So,So
927,214,1,you,you
928,214,2,can't,can't
929,214,3,have,have
930,214,4,a,a
931,214,5, ,..
932,214,6,set,set
933,214,7, ,.
934,215,0, ,..
935,215,1,When,When
936,215,2,do,do
937,215,3,you,you
938,215,4,get,get
939,215,5, ,--
940,216,0,h,h-
941,216,1, ,--
942,217,0,when,when
943,217,1,do,do
944,217,2,you,you
945,217,3,get,get
946,217,4,cards,cards
947,217,5,though,though
948,217,6, ,.
949,218,0,I,[I
950,218,1,don't,|don't
951,218,2,understand,|understand
952,218,3,that,|that]
953,218,4, ,.
954,219,0,Every,[Every
955,219,1,time,|time
956,219,2,you,|you
957,219,3,take,|take]
958,219,4,over,over
959,219,5,a,a
960,219,6,country,country
961,219,7,you,you
962,219,8,get,get
963,219,9,cards,cards
964,219,10, ,.
965,220,0, ,...
966,220,1, ,...
967,221,0,what,#what
968,221,1,row,#row
969,221,2, ,.
970,222,0, ,..
971,222,1,Attack,Attack
972,222,2,with,with
973,222,3,the,the
974,222,4,twentytwo,twentytwo.
975,222,5, ,-.
976,223,0, ,...
977,223,1,Press,Press
978,223,2,twentytwo,"twentytwo,"
979,223,3, ,"-,"
980,224,0, ,...
981,224,1,attack,attack
982,224,2, ,.
983,225,0, ,...
984,225,1,Wow,Wow
985,225,2, ,.
986,226,0,Look,Look
987,226,1,at,at
988,226,2,that,that
989,226,3, ,.
990,227,0, ,...
991,228,0, ,...
992,228,1,Oh,Oh
993,228,2, ,","
994,229,0,see,see
995,229,1,look,look
996,229,2, ,","
997,230,0,you,you
998,230,1,just,just
999,230,2,got,got
1000,230,3,all,all
1001,230,4,of,of
1002,230,5,his,his
1003,230,6,cards,cards
1004,230,7, ,.
1005,232,0, ,..
1006,232,1,Press,Press
1007,232,2,okay,okay
1008,232,3, ,.
1009,233,0,Bonus,Bonus
1010,233,1, ,?
1011,234,0, ,...
1012,234,1,Oh,Oh
1013,234,2,my,my
1014,234,3,God,Go:d
1015,234,4, ,.
1016,235,0, ,...
1017,235,1,Fuck,[Fuck]
1018,235,2, ,.
1019,236,0,BEEP,[{BEEP}
1020,237,0, ,..
1021,237,1, ,@
1022,237,2, ,..
1023,237,3, ,@[@@]@@
1024,238,0,Fuck,|[Fuck]
1025,238,1, ,.
1026,239,0, ,..
1027,239,1,SNAP,{SNAP}
1028,239,2, ,+
1029,239,3, ,[2+++
1030,239,4,SNAP,|2{/SNAP}]
1031,240,0, ,[2
1032,240,1,Fuck,|2Fuck
1033,240,2,fuck,|2fuck]
1034,240,3,fuck,fuck
1035,240,4, ,.
1036,241,0,h,0h:
1037,241,1,man,ma:n
1038,241,2, ,.
1039,242,0,Look,Look
1040,242,1,at,at
1041,242,2,that,that
1042,242,3, ,.
1043,243,0, ,...
1044,243,1,Twentyseven,Twentyseven?
1045,243,2, ,-?
1046,244,0,Twentynine,Twentynine?
1047,244,1, ,-?
1048,245,0,Th,Th-
1049,245,1,twentyone,twenty-one
1050,245,2,two,two
1051,245,3,three,three
1052,245,4,four,four
1053,245,5,five,five
1054,245,6,six,six
1055,245,7,seven,seven
1056,245,8,eight,eight
1057,245,9, ,.
1058,246,0,Twentyeight,Twentyeight.
1059,246,1, ,-.
1060,247,0, ,...
1061,247,1,Don't,Don't
1062,247,2,you,you
1063,247,3,fucking,fucking
1064,247,4,attack,attack
1065,247,5,me,me
1066,247,6, ,.
1067,248,0, ,...
1068,248,1,You,You
1069,248,2,ass,ass
1070,248,3, ,.
1071,249,0, ,..
1072,249,1,You,You
1073,249,2,asshole,asshole
1074,249,3, ,.
1075,250,0, ,...
1076,250,1,HUMMING,{HUMMING}
1077,251,0, ,...
1078,251,1,two,two
1079,251,2, ,--
1080,252,0, ,..
1081,253,0, ,...
1082,253,1,Hmm,Hmm
1083,253,2, ,.
1084,254,0, ,...
1085,254,1,I'm,I'm
1086,254,2,tired,tired
1087,254,3, ,.
1088,255,0, ,...
1089,255,1,You,You
1090,255,2,wanna,wanna
1091,255,3,go,go
1092,255,4,to,to
1093,255,5,bed,bed
1094,255,6, ,?
1095,256,0, ,...
1096,256,1,BEEP,{BEEP}
1097,257,0,No,No
1098,257,1, ,","
1099,258,0,I,I
1100,258,1,wanna,wanna
1101,258,2,beat,beat
1102,258,3,you,you
1103,258,4,f,f-
1104,258,5, ,--
1105,259,0,Fuck,Fuck
1106,259,1, ,.
1107,260,0, ,@[@@@
1108,260,1, ,|..
1109,260,2, ,|]
1110,261,0,This,[This
1111,261,1,guy,|guy
1112,261,2,is,|is
1113,261,3,gonna,|gonna
1114,261,4,ram,|ram]
1115,261,5, ,--
1116,262,0,Oh,Oh
1117,262,1,he's,he's
1118,262,2, ,--
1119,263,0,Oh,Oh:
1120,263,1,yeah,[yeah
1121,263,2, ,|]
1122,263,3, ,.
1123,264,0,Wow,[Wow]
1124,264,1, ,.
1125,265,0, ,...
1126,265,1, ,[2
1127,265,2,Fuck,|2Fuck
1128,265,3, ,|2]
1129,265,4, ,.
1130,266,0,You,[2You
1131,266,1,gotta,|2gotta
1132,266,2,do,|2do
1133,266,3,something,|2some]thing
1134,266,4,over,over
1135,266,5,there,there
1136,266,6, ,","
1137,267,0,hunh,hunh
1138,267,1, ,?
1139,268,0, ,...
1140,268,1,Yeah,Yeah
1141,268,2, ,.
1142,269,0, ,...
1143,269,1, ,..
1144,269,2,Oh,Oh
1145,269,3, ,","
1146,270,0,I,I
1147,270,1,know,know
1148,270,2,what,what
1149,270,3,I'm,I'm
1150,270,4,gonna,gonna
1151,270,5,do,do
1152,270,6,though,though
1153,270,7, ,.
1154,271,0, ,...
1155,271,1,Watch,Watch
1156,271,2,this,this
1157,271,3, ,.
1158,272,0, ,...
1159,272,1,There,There
1160,272,2,you,you
1161,272,3,go,go
1162,272,4, ,.
1163,273,0,BEEP,{BEEP}
1164,274,0, ,..
1165,274,1,Sucker,Sucker
1166,274,2, ,.
1167,275,0, ,...
1168,275,1,Wow,Wow
1169,275,2, ,.
1170,276,0, ,..
1171,276,1,Yaha,[Yaha].
1172,276,2, ,-.
1173,277,0,Wow,[Wow:]
1174,277,1, ,.
1175,278,0,Yaha,Ya:-ha
1176,278,1, ,.
1177,279,0, ,..
1178,279,1,Watch,Watch
1179,279,2,this,this
1180,279,3, ,.
1181,280,0, ,...
1182,280,1,Oh,Oh
1183,280,2,man,man
1184,280,3,you,you
1185,280,4,suck,suck
1186,280,5, ,.
1187,281,0,You,You
1188,281,1,really,really
1189,281,2,suck,suck
1190,281,3, ,.
1191,282,0,Oh,Oh
1192,282,1, ,","
1193,283,0,man,[man]
1194,283,1, ,.
1195,284,0,BEEP,[{BEEP}
1196,285,0,Ya,Ya:
1197,285,1,ha,ha:
1198,285,2,ha,ha:
1199,285,3, ,.
1200,286,0,hahahaha,ha-ha-ha-ha
1201,286,1, ,.
1202,287,0, ,|
1203,287,1,You,|You
1204,287,2,really,|really
1205,287,3,suck,|suck
1206,287,4, ,|@
1207,287,5, ,.
1208,288,0,Smart,Smart
1209,288,1, ,.
1210,289,0, ,..
1211,289,1,I'm,I'm
1212,289,2,smart,smart
1213,289,3, ,.
1214,290,0, ,|...
1215,290,1, ,|
1216,290,2,Aw,|Aw
1217,290,3,man,|man
1218,290,4, ,|%
1219,290,5, ,.
1220,291,0, ,|...
1221,291,1,You,|You
1222,291,2,can't,|can't
1223,291,3,attack,|attack
1224,291,4,me,|me
1225,291,5, ,.
1226,292,0, ,...
1227,292,1,Not,Not
1228,292,2,until,until
1229,292,3,the,the
1230,292,4,end,end
1231,292,5, ,.
1232,293,0, ,|...
1233,293,1,Yeah,|Yeah
1234,293,2, ,","
1235,294,0,we,|we
1236,294,1,have,|have
1237,294,2,to,|to
1238,294,3,get,|get
1239,294,4,rid,|rid
1240,294,5,of,|of
1241,294,6,this,|this
1242,294,7,striped,|striped
1243,294,8,guy,|guy
1244,294,9,first,|first
1245,294,10,though,|though
1246,294,11, ,.
1247,295,0, ,...
1248,295,1,Is,Is
1249,295,2,he,he
1250,295,3,the,the
1251,295,4,aggressive,aggressive
1252,295,5,one,one
1253,295,6, ,?
1254,296,0, ,|...
1255,296,1,I,|I
1256,296,2,don't,|don't
1257,296,3,know,|know
1258,296,4,what,|what
1259,296,5,player,|player
1260,296,6,it,|it
1261,296,7,is,|is
1262,296,8, ,.
1263,297,0, ,...
1264,297,1,Oh,Oh
1265,297,2,man,man
1266,297,3, ,.
1267,298,0,Look,Look
1268,298,1,at,at
1269,298,2,that,that
1270,298,3, ,.
1271,299,0, ,...
1272,299,1,Okay,Okay
1273,299,2, ,.
1274,300,0, ,..
1275,300,1,Are,Are
1276,300,2,we,we
1277,300,3,not,not
1278,300,4,attacking,attacking
1279,300,5,each,each
1280,300,6,other,other
1281,300,7,until,until
1282,300,8,we,we
1283,300,9,get,get
1284,300,10,rid,rid
1285,300,11,of,of
1286,300,12,the,the
1287,300,13,striped,striped
1288,300,14,guy,guy
1289,300,15, ,?
1290,301,0, ,|..
1291,301,1,I,|I
1292,301,2,don't,|don't
1293,301,3,know,|know
1294,301,4, ,.
1295,302,0,It's,|It's
1296,302,1,up,|up
1297,302,2,to,|to
1298,302,3,you,|you
1299,302,4, ,.
1300,303,0,You,|You
1301,303,1,make,|make
1302,303,2,the,|the
1303,303,3,call,|call
1304,303,4, ,.
1305,304,0, ,...
1306,304,1,I'm,I'm
1307,304,2,not,not
1308,304,3,gonna,gonna
1309,304,4,be,be
1310,304,5,able,able
1311,304,6,to,to
1312,304,7,wipe,wipe
1313,304,8,this,this
1314,304,9,striped,striped
1315,304,10,guy,guy
1316,304,11,out,out
1317,304,12,yet,yet
1318,304,13, ,.
1319,305,0, ,..
1320,305,1,I,I
1321,305,2,don't,don't
1322,305,3,think,think
1323,305,4, ,.
1324,306,0, ,|..
1325,306,1,I'm,|I'm
1326,306,2, ,--
1327,307,0,I'm,|I'm
1328,307,1,not,|not
1329,307,2,gonna,|gonna
1330,307,3,be,|be
1331,307,4,able,|able
1332,307,5,to,|to
1333,307,6,either,|either
1334,307,7, ,.
1335,308,0, ,...
1336,308,1,Oh,Oh
1337,308,2,man,man
1338,308,3, ,","
1339,309,0,look,look
1340,309,1,at,at
1341,309,2,that,that
1342,309,3, ,.
1343,310,0, ,..
1344,310,1,Totally,Totally
1345,310,2,wipe,wipe
1346,310,3,me,me
1347,310,4,out,out
1348,310,5, ,.
1349,311,0, ,...
1350,311,1,See,See
1351,311,2,if,if
1352,311,3,I,I
1353,311,4,wipe,wipe
1354,311,5,him,him
1355,311,6,out,out
1356,311,7, ,","
1357,312,0,you're,you're
1358,312,1,just,just
1359,312,2,gonna,gonna
1360,312,3,wipe,wipe
1361,312,4,me,me
1362,312,5,out,out
1363,312,6, ,.
1364,313,0,Which,Which
1365,313,1,is,is
1366,313,2,kinda,kinda
1367,313,3,stupid,stupid
1368,313,4, ,.
1369,314,0, ,|...
1370,314,1,You,|You
1371,314,2,can't,|can't
1372,314,3,reach,|reach
1373,314,4,that,|that
1374,314,5, ,.
1375,315,0,Oh,Oh
1376,315,1, ,.
1377,316,0,You,|You
1378,316,1,gotta,|gotta
1379,316,2,go,|go
1380,316,3,through,|through
1381,316,4,Iceland,|Iceland
1382,316,5, ,.
1383,317,0, ,|...
1384,317,1,There,|There
1385,317,2,you,|you
1386,317,3,go,|go
1387,317,4, ,.
1388,318,0, ,..
1389,318,1,I,I
1390,318,2,wonder,wonder
1391,318,3,if,if
1392,318,4,I,I
1393,318,5,can,can
1394,318,6,do,do
1395,318,7,it,it
1396,318,8, ,.
1397,319,0,Twentyo,|Twenty-o-
1398,319,1, ,--
1399,320,0, ,|..
1400,320,1,no,|no
1401,320,2, ,","
1402,321,0, ,|..
1403,321,1,you're,|you're
1404,321,2, ,--
1405,322,0,you're,|you're
1406,322,1,not,|not
1407,322,2,gonna,|gonna
1408,322,3,be,|be
1409,322,4,able,|able
1410,322,5,to,|to
1411,322,6,get,|get
1412,322,7,through,|through
1413,322,8,twentyone,|twenty-one
1414,322,9,and,|and
1415,322,10,eighteen,|eighteen
1416,322,11, ,.
1417,323,0, ,|
1418,323,1,You,|You
1419,323,2,can,|can
1420,323,3,get,|get
1421,323,4, ,--
1422,324,0, ,|..
1423,324,1,you,|you
1424,324,2,c,|c-
1425,324,3, ,--
1426,325,0,you,|you
1427,325,1,might,|might
1428,325,2,be,|be
1429,325,3,able,|able
1430,325,4,to,|to
1431,325,5,get,|get
1432,325,6,the,|the
1433,325,7,single,|single
1434,325,8,one,|one
1435,325,9,there,|there
1436,325,10, ,","
1437,326,0,but,|but
1438,326,1,I'd,|I'd
1439,326,2,fortify,|fortify
1440,326,3,down,|down
1441,326,4,there,|there
1442,326,5, ,","
1443,327,0,because,|because
1444,327,1,he's,|he's
1445,327,2,just,|just
1446,327,3,gonna,|gonna
1447,327,4,attack,|attack
1448,327,5,you,|you
1449,327,6,again,|again
1450,327,7, ,.
1451,328,0, ,|
1452,328,1, ,|..
1453,328,2,What,|What
1454,328,3,a,|a-
1455,328,4, ,--
1456,329,0,Look,|Look
1457,329,1,at,|at
1458,329,2,me,|me
1459,329,3, ,.
1460,330,0, ,|...
1461,330,1,Telling,|Telling
1462,330,2,you,|you
1463,330,3,what,|what
1464,330,4,to,|to
1465,330,5,do,|do
1466,330,6, ,.
1467,331,0, ,..
1468,331,1,Yeah,Yeah
1469,331,2, ,","
1470,332,0,look,look
1471,332,1,at,at
1472,332,2,you,you
1473,332,3, ,.
1474,333,0, ,|...
1475,333,1,I'd,|I'd
1476,333,2, ,--
1477,334,0, ,|..
1478,334,1,I'd,|I'd
1479,334,2,put,|put
1480,334,3,all,|all
1481,334,4,your,|your
1482,334,5,guys,|guys
1483,334,6, ,","
1484,335,0,like,|like
1485,335,1,right,|right
1486,335,2,around,|around
1487,335,3,there,|there
1488,335,4,though,|though
1489,335,5, ,.
1490,336,0, ,|...
1491,336,1, ,|
1492,337,0, ,...
1493,337,1,I,I
1494,337,2,don't,don't
1495,337,3,know,know
1496,337,4, ,.
1497,338,0, ,...
1498,338,1,Oh,Oh
1499,338,2, ,.
1500,339,0, ,...
1501,339,1,Fuck,Fuck
1502,339,2, ,.
1503,340,0, ,|...
1504,340,1,g,|g
1505,341,0,BEEP,|{BEEP}
1506,342,0, ,|...
1507,342,1,Oh,|#Oh:
1508,342,2,suck,|#s:uck
1509,342,3, ,.
1510,343,0, ,|...
1511,343,1, ,|
1512,343,2,Oh,|Oh
1513,343,3,man,|man
1514,343,4, ,|
1515,343,5, ,.
1516,344,0, ,|...
1517,344,1,Mm,|Mm:
1518,344,2, ,.
1519,345,0, ,|...
1520,345,1, ,|
1521,345,2,Wow,|Wow
1522,345,3, ,.
1523,346,0,Wow,|Wow
1524,346,1, ,|
1525,346,2, ,.
1526,347,0, ,...
1527,347,1,You're,You're
1528,347,2,of,of
1529,347,3,course,course
1530,347,4,gonna,gonna
1531,347,5,win,win
1532,347,6, ,.
1533,348,0,Oh,Oh
1534,348,1,my,my
1535,348,2,God,God
1536,348,3, ,","
1537,349,0,here,here
1538,349,1,you,you
1539,349,2,go,go
1540,349,3, ,.
1541,350,0, ,...
1542,350,1,We,We-
1543,350,2, ,--
1544,351,0, ,...
1545,351,1,h,0h
1546,351,2,you,you
1547,351,3,got,got
1548,351,4,him,him
1549,351,5, ,.
1550,352,0, ,|..
1551,352,1,Yeah,|Yeah
1552,352,2, ,.
1553,353,0, ,|...
1554,353,1,So,|So
1555,353,2,it's,|it's
1556,353,3,just,|just
1557,353,4,you,|you
1558,353,5,and,|and
1559,353,6,me,|me
1560,353,7,babe,|babe
1561,353,8, ,.
1562,354,0, ,...
1563,354,1,What's,What's
1564,354,2,new,new
1565,354,3, ,.
1566,355,0, ,|...
1567,355,1, ,|@@@@
1568,355,2, ,|@
1569,355,3, , 
1570,356,0,KISS,|{KISS}
1571,356,1, ,|
1572,356,2,KISS,|{KISS}
1573,356,3, ,|..
1574,356,4,KISS,|{KISS}
1575,356,5, ,|...
1576,356,6,KISS,|{KISS}
1577,357,0, ,|...
1578,357,1, ,|
1579,357,2, ,|
1580,357,3, ,|...
1581,357,4,Oh,|Oh
1582,357,5, ,","
1583,358,0,let's,|let's
1584,358,1,see,|see
1585,358,2, ,.
1586,359,0, ,...
1587,359,1,Oh,Oh
1588,359,2, ,","
1589,360,0,you,you
1590,360,1,suck,suck
1591,360,2, ,.
1592,361,0, ,...
1593,362,0, ,...
1594,362,1,Oh,Oh
1595,362,2,my,my
1596,362,3,God,God
1597,362,4, ,.
1598,363,0,ENVIRONMENT,ENVIRONMENT;
1599,363,1,RUMBLINGNOISE,{RUMBLING_NOISE}
1600,364,0,You,...You
1601,364,1,suck,suck
1602,364,2, ,.
1603,365,0, ,...
1604,365,1,I'm,I'm
1605,365,2,gonna,gonna
1606,365,3,waste,waste
1607,365,4,you,you
1608,365,5, ,.
1609,366,0, ,|..
1610,366,1, ,|@
1611,367,0, ,|...
1612,367,1, ,|
1613,367,2,Is,|Is
1614,367,3,that,|that
1615,367,4,you,|you
1616,367,5,right,|right
1617,367,6,there,|there
1618,367,7, ,?
1619,368,0,Yes,Ye:s
1620,368,1, ,.
1621,369,0, ,..
1622,369,1,Twentyeight,Twentyeight.
1623,369,2, ,-.
1624,370,0, ,...
1625,370,1,Friend,Friend
1626,370,2, ,.
1627,371,0, ,|...
1628,371,1,What,|What
1629,371,2,the,|the
1630,371,3,hell,|hell
1631,371,4,is,|is
1632,371,5,that,|that
1633,371,6, ,.
1634,372,0, ,...
1635,372,1,I,I
1636,372,2,don't,don't
1637,372,3,know,know
1638,372,4, ,.
1639,373,0, ,...
1640,374,0,RUMBLINGNOISE,{/RUMBLING_NOISE}
1641,375,0, ,...
1642,375,1,That,That
1643,375,2,sounds,sounds
1644,375,3,like,like
1645,375,4,it,it
1646,375,5,was,was
1647,375,6,right,right
1648,375,7,in,in
1649,375,8,front,front
1650,375,9,of,of
1651,375,10,my,my
1652,375,11,house,house
1653,375,12, ,","
1654,376,0,doesn't,doesn't
1655,376,1,it,it
1656,376,2, ,.
1657,377,0, ,|..
1658,377,1,Yeah,|Yeah
1659,377,2, ,","
1660,378,0,it,|it
1661,378,1,does,|does
1662,378,2, ,.
1663,379,0, ,|...
1664,379,1,BEEP,|{BEEP}
1665,380,0, ,|...
1666,380,1,Uhoh,|Uhoh.
1667,380,2, ,-.
1668,381,0,What,|What
1669,381,1,happened,|happened
1670,381,2, ,.
1671,382,0, ,...
1672,382,1,I,I
1673,382,2,don't,don't
1674,382,3,know,know
1675,382,4, ,.
1676,383,0, ,...
1677,383,1,Oh,Oh
1678,383,2,you,you
1679,383,3,don't,don't
1680,383,4, ,","
1681,384,0, ,...
1682,384,1,What,What
1683,384,2,does,does
1684,384,3,that,that
1685,384,4,mean,mean
1686,384,5, ,.
1687,385,0, ,...
1688,385,1,BEEP,{BEEP}
1689,386,0, ,...
1690,386,1,I,I
1691,386,2,don't,don't
1692,386,3,know,know
1693,386,4,what,what
1694,386,5,that,that
1695,386,6,mean,mean-
1696,386,7, ,--
1697,387,0,Oh,Oh
1698,387,1, ,","
1699,388,0,you,you
1700,388,1,can't,can't
1701,388,2,do,do
1702,388,3,it,it
1703,388,4, ,","
1704,389,0,after,after
1705,389,1, ,..
1706,389,2,your,your
1707,389,3,turn,turn
1708,389,4,is,is
1709,389,5,over,over
1710,389,6, ,.
1711,390,0, ,|..
1712,390,1,Oh,|[Oh:]
1713,390,2, ,.
1714,391,0,After,[After
1715,391,1,you've,|#you've
1716,391,2,already,|#already
1717,391,3,fortified,|fortified]
1718,391,4, ,.
1719,392,0,Dang,Dang
1720,392,1, ,.
1721,393,0, ,...
1722,393,1,My,My
1723,393,2,turn,turn
1724,393,3, ,.
1725,394,0, ,...
1726,394,1,I'd,I'd
1727,394,2,best,best
1728,394,3,have,have
1729,394,4,some,some
1730,394,5,cards,cards
1731,394,6, ,.
1732,395,0, ,...
1733,395,1,Fuck,Fuck
1734,395,2, ,.
1735,396,0, ,...
1736,396,1,BEEP,{BEEP}
1737,397,0, ,...
1738,397,1,Shit,Shit
1739,397,2, ,..
1740,397,3,shit,shit
1741,397,4, ,..
1742,397,5,shit,shit
1743,397,6, ,.
1744,398,0, ,...
1745,398,1,Shit,Shit
1746,398,2, ,.
1747,399,0, ,...
1748,400,0, ,...
1749,400,1,Oh,Oh
1750,400,2,I,I
1751,400,3,shouldn't,shouldn't
1752,400,4,have,have
1753,400,5,done,done
1754,400,6,that,that
1755,400,7, ,.
1756,401,0,That,That
1757,401,1,was,was
1758,401,2,dumb,dumb
1759,401,3, ,.
1760,402,0, ,...
1761,402,1,That,That
1762,402,2,was,was
1763,402,3,dumb,dumb
1764,402,4, ,","
1765,403,0,fuck,fuck
1766,403,1, ,.
1767,404,0, ,...
1768,404,1,Oh,Oh:
1769,404,2,no,no:
1770,404,3, ,.
1771,405,0, ,@[@@][2@][3@@@@@
1772,405,1, ,|]
1773,406,0,BEEP,[{BEEP}2]
1774,407,0,Oh,[2Oh]
1775,407,1,no,[3no:]
1776,407,2, ,.
1777,408,0, ,@@
1778,408,1, ,..
1779,409,0, ,@
1780,409,1, ,[@@@@]
1781,410,0,Oh,[Oh
1782,410,1,my,|my
1783,410,2,god,|go:d]
1784,410,3, ,.
1785,411,0, ,...
1786,411,1,You're,You're
1787,411,2, ,--
1788,412,0, ,..
1789,412,1,so,so:
1790,412,2, ,--
1791,413,0, ,...
1792,413,1,You,You
1793,413,2,suck,suck
1794,413,3, ,.
1795,414,0, ,...
1796,415,0,Fuck,Fuck
1797,415,1, ,.
1798,416,0,Look,Look
1799,416,1,at,at
1800,416,2,that,tha:t
1801,416,3, ,.
1802,417,0, ,..
1803,417,1, ,...
1804,417,2,Look,Look
1805,417,3,at,at
1806,417,4,that,that
1807,417,5, ,.
1808,418,0, ,..
1809,418,1,You,You
1810,418,2,suck,suck
1811,418,3, ,.
1812,419,0, ,...
1813,419,1,Oh,Oh
1814,419,2,I,I
1815,419,3,can't,can't
1816,419,4,attack,attack
1817,419,5,there,there
1818,419,6, ,","
1819,420,0,shoot,shoot
1820,420,1, ,.
1821,421,0, ,...
1822,421,1,Damn,Damn
1823,421,2,it,it
1824,421,3, ,.
1825,422,0, ,..
1826,422,1,Look,Look
1827,422,2,at,at
1828,422,3,that,that
1829,422,4, ,.
1830,423,0, ,..
1831,423,1,They,They
1832,423,2,won't,won't
1833,423,3,let,let
1834,423,4,me,me
1835,423,5,lose,[lose
1836,423,6,yet,|yet]
1837,423,7, ,.
1838,424,0, ,[]
1839,425,0, ,...
1840,425,1,Damn,Damn
1841,425,2,it,it
1842,425,3, ,.
1843,426,0, ,...
1844,426,1,One,#One
1845,426,2,more,#more
1846,426,3, ,.
1847,427,0, ,...
1848,427,1,Fuck,Fuck
1849,427,2, ,.
1850,428,0, ,...
1851,428,1,My,My
1852,428,2,eyes,eyes
1853,428,3,are,are
1854,428,4,getting,getting
1855,428,5,heavy,heavy
1856,428,6, ,.
1857,429,0, ,...
1858,429,1,Oopsydaisy,Oopsydaisy.
1859,429,2, ,-.
1860,430,0, ,..
1861,431,0, ,...
1862,431,1,Shuffling,Shuffling
1863,431,2,the,the
1864,431,3,cards,cards
1865,431,4, ,.
1866,432,0, ,...
1867,432,1,Alright,Alright
1868,432,2, ,.
1869,433,0, ,...
1870,433,1,Tell,Tell
1871,433,2,you,you
1872,433,3,what,what
1873,433,4,I,I
1874,433,5,need,need
1875,433,6,to,to
1876,433,7,do,do
1877,433,8,here,here
1878,433,9, ,.
1879,434,0, ,...
1880,434,1, ,##
1881,435,0, ,...
1882,435,1, ,@[@@]
1883,436,0,Has,[Has
1884,436,1,to,|to
1885,436,2,happen,|hap]pen
1886,436,3, ,.
1887,437,0, ,...
1888,437,1,Oh,Oh:
1889,437,2, ,.
1890,438,0,No,No
1891,438,1,way,way
1892,438,2, ,.
1893,439,0, ,..
1894,440,0, ,...
1895,440,1,I,I
1896,440,2,wanna,wanna
1897,440,3,just,just
1898,440,4,look,[look
1899,440,5,at,|at
1900,440,6,my,|my
1901,440,7,cards,|cards]
1902,440,8,here,here
1903,440,9, ,.
1904,441,0, ,[:]
1905,442,0, ,...
1906,442,1,Please,Please
1907,442,2, ,","
1908,444,0, ,..
1909,444,1,Oh,Oh
1910,444,2, ,#
1911,444,3, ,","
1912,445,0,but,but
1913,445,1,I,I
1914,445,2,got,got
1915,445,3,a,a
1916,445,4,new,new
1917,445,5,one,one
1918,445,6, ,.
1919,446,0,BEEP,{BEEP}
1920,447,0, ,...
1921,447,1,Got,Got
1922,447,2,a,a
1923,447,3,new,new
1924,447,4,one,one
1925,447,5, ,","
1926,448,0,alright,alright
1927,448,1, ,.
1928,448,2, , 
1929,449,0, ,...
1930,450,0,Now,Now
1931,450,1, ,","
1932,451,0,if,if
1933,451,1,I,I
1934,451,2,can,can
1935,451,3,just,just
1936,451,4,get,get
1937,451,5,to,to
1938,451,6,the,the
1939,451,7,next,next
1940,451,8, ,--
1941,452,0, ,...
1942,452,1,KISS,{KISS}
1943,453,0, ,...
1944,453,1,Thank,Thank
1945,453,2,you,you
1946,453,3,very,very
1947,453,4,much,much
1948,453,5, ,.
1949,454,0, ,...
1950,454,1,For,For
1951,454,2,what,what
1952,454,3, ,.
1953,455,0, ,..
1954,455,1,I,I
1955,455,2,just,just
1956,455,3,took,took
1957,455,4,over,over
1958,455,5,Iceland,Iceland
1959,455,6, ,.
1960,456,0, ,..
1961,456,1,Oh,Oh:
1962,456,2, ,","
1963,457,0,fuck,fuck
1964,457,1, ,.
1965,458,0, ,..
1966,458,1,Right,Right
1967,458,2,while,while
1968,458,3,I,I
1969,458,4,was,was
1970,458,5,kissing,kissing
1971,458,6,you,you
1972,458,7, ,","
1973,459,0,you,you:
1974,459,1,traitor,traitor
1975,459,2, ,.
1976,460,0, ,...
1977,460,1,Oh,Oh
1978,460,2,my,my
1979,460,3,God,God
1980,460,4, ,","
1981,461,0,oh,oh
1982,461,1,my,my
1983,461,2,God,God
1984,461,3, ,.
1985,462,0, ,...
1986,462,1, ,:
1987,463,0, ,...
1988,463,1,Oh,Oh:
1989,463,2, ,.
1990,464,0, ,...
1991,464,1,Oh,Oh:
1992,464,2,no,no:
1993,464,3, ,.
1994,465,0, ,...
1995,466,0, ,...
1996,466,1, ,@@@
1997,466,2, ,..
1998,466,3, ,@@@@@@[@@@]@
1999,467,0,Oh,[Oh]
2000,467,1, ,.
2001,468,0, ,..
2002,468,1, ,[2
2003,468,2,I'm,|2I'm
2004,468,3,f,|2f-
2005,468,4,so,|2so
2006,468,5,hurt,|2hurt]
2007,468,6, ,.
2008,469,0, ,[2%
2009,469,1, ,|2]
2010,470,0, ,@@@@@@@
2011,471,0, ,..
2012,471,1,KISS,{KISS}
2013,471,2,KISS,{KISS}::
2014,472,0,I,I
2015,472,1,can't,can't
2016,472,2,believe,believe
2017,472,3,you,you
2018,472,4,just,just
2019,472,5,won,won
2020,472,6, ,.
2021,473,0,I,I
2022,473,1,was,was
2023,473,2,gonna,gonna
2024,473,3,win,win
2025,473,4,the,the
2026,473,5,next,next
2027,473,6,hand,hand
2028,473,7, ,.
2029,474,0, ,@@@@@
2030,474,1, ,..
2031,475,0,Quit,[Quit]
2032,475,1, ,.
2033,476,0,You,[You]
2034,476,1,suck,suck
2035,476,2, ,.
2036,477,0,Yeah,Yeah[2:]
2037,477,1, ,.
2038,478,0, ,[2]
2039,479,0, ,...
2040,479,1, ,@@@@
2041,479,2, ,@@@@
2042,479,3, ,..
2043,479,4, ,[3@@@@]
2044,480,0, ,[3
2045,480,1,Hmm,|3Hmm:]:
2046,480,2, ,","
2047,481,0,You're,You're
2048,481,1,so,so
2049,481,2,happy,happy
2050,481,3,with,with
2051,481,4,yourself,[4your]self
2052,481,5, ,.
2053,482,0, ,[4@@]
2054,483,0,No,@No:
2055,483,1, ,.
2056,484,0,I'm,I'm
2057,484,1,just,just
2058,484,2,happy,happy
2059,484,3,that,that
2060,484,4,I,I
2061,484,5,beat,beat
2062,484,6,you,you
2063,484,7, ,.
2064,485,0, ,..
2065,485,1,Oh,Oh
2066,485,2, ,","
2067,486,0,yeah,yeah
2068,486,1, ,@
2069,486,2, ,.
2070,487,0, ,@:@@@
2071,488,0,Yeah,Yeah
2072,488,1, ,.
2073,489,0, ,...
2074,489,1,The,The
2075,489,2,Big,Big
2076,489,3,Stuff,Stuff
2077,489,4, ,.
2078,490,0,Hunh,Hunh
2079,490,1, ,?
2080,491,0, ,...
2081,491,1,Yeah,Yeah
2082,491,2,the,the
2083,491,3,Big,Big
2084,491,4,Stuff's,Stuff's
2085,491,5,all,all
2086,491,6,my,my
2087,491,7,Stanford,Stanford
2088,491,8,stuff,stuff
2089,491,9, ,.
2090,492,0, ,...
2091,492,1,Oh,Oh:
2092,492,2, ,.
2093,493,0, ,...
2094,493,1,Now,Now
2095,493,2,what,what
2096,493,3, ,.
2097,494,0,Backgammon,Backgammon
2098,494,1, ,?
2099,495,0, ,...
2100,495,1,What's,What's
2101,495,2,Hearts,Hearts
2102,495,3, ,.
2103,496,0, ,...
2104,496,1,Hearts,Hearts
2105,496,2, ,.
2106,497,0,It's,It's
2107,497,1,the,the
2108,497,2,card,card
2109,497,3,game,game
2110,497,4, ,.
2111,498,0,Oh,Oh
2112,498,1,yeah,yeah
2113,498,2, ,?
2114,499,0, ,...
2115,499,1,Put,Put
2116,499,2,it,it
2117,499,3,up,up
2118,499,4,there,there
2119,499,5, ,.
2120,500,0, ,...
2121,500,1,Wanna,Wan[na
2122,500,2,play,|play
2123,500,3,hearts,|hearts]
2124,500,4, ,?
2125,501,0,Let's,[Let's
2126,501,1,check,|check
2127,501,2,that,|that
2128,501,3,one,|one
2129,501,4,out,|out]
2130,501,5, ,.
2131,502,0, ,...
2132,502,1,yneat,#y_neat
2133,502,2, ,--
2134,503,0, ,...
2135,503,1,wait,wait
2136,503,2, ,","
2137,504,0, ,..
2138,504,1,play,play
2139,504,2,novice,#novice
2140,504,3, ,.
2141,505,0,I've,I've
2142,505,1,never,never
2143,505,2,played,played
2144,505,3,hearts,hearts
2145,505,4,before,be[fore
2146,505,5, ,","
2147,506,0, ,[
2148,506,1,You've,|You've
2149,506,2,never,|never]
2150,506,3,played,played
2151,506,4,Hearts,Hearts
2152,506,5, ,?
2153,507,0,in,|in
2154,507,1,my,|my
2155,507,2,life,|life]
2156,507,3, ,.
2157,508,0, ,..
2158,508,1,No,No
2159,508,2, ,","
2160,509,0,I,I
2161,509,1,don't,don't
2162,509,2,know,know
2163,509,3,how,how
2164,509,4,to,to
2165,509,5,play,play
2166,509,6,it,it
2167,509,7, ,.
2168,510,0, ,..
2169,510,1,Oh,Oh
2170,510,2, ,.
2171,511,0, ,...
2172,511,1,Okay,Okay
2173,511,2, ,.
2174,512,0,I'll,I'll
2175,512,1,teach,teach
2176,512,2,you,you
2177,512,3, ,.
2178,513,0, ,..
2179,513,1,Passing,Passing
2180,513,2,disabled,disabled
2181,513,3, ,.
2182,514,0,That's,[That's
2183,514,1,you,|you]
2184,514,2, ,.
2185,515,0,Queen,[Queen
2186,515,1,of,|of
2187,515,2,sp,|sp-]
2188,515,3, ,--
2189,516,0, ,...
2190,517,0, ,...
2191,517,1,irst,0.000000irst
2192,517,2,lead,lead
2193,517,3,rotates,[rotates]
2194,517,4, ,.
2195,518,0, ,[]
2196,519,0,First,First
2197,519,1, ,","
2198,520,0,yeah,yeah
2199,520,1, ,.
2200,521,0, ,..
2201,522,0, ,..
2202,522,1,Always,Always
2203,522,2,pass,pass
2204,522,3,left,left
2205,522,4, ,.
2206,523,0, ,...
2207,524,0, ,...
2208,524,1,Alright,Alright
2209,524,2, ,.
2210,525,0, ,...
2211,525,1,So,So
2212,525,2,this,this
2213,525,3,is,is
2214,525,4,us,us[:
2215,525,5, ,.
2216,526,0, ,[
2217,526,1,Groucho,|Groucho
2218,526,2, ,","
2219,527,0,Harpo,|Harpo
2220,527,1, ,|@]
2221,527,2, ,","
2222,528,0, ,|..
2223,528,1, ,|
2224,528,2,The,|The
2225,528,3,object,|object
2226,528,4, ,","
2227,529,0,okay,|okay
2228,529,1, ,","
2229,530,0,every,|every]
2230,530,1,heart,heart
2231,530,2, ,","
2232,531,0, ,...
2233,531,1,okay,okay
2234,531,2, ,","
2235,532,0,every,every
2236,532,1,heart,heart
2237,532,2,is,is
2238,532,3,one,one
2239,532,4,point,[point
2240,532,5, ,","
2241,533,0,Is,[Is
2242,533,1,tr,|tr-]
2243,533,2, ,--
2244,534,0,the,|the
2245,534,1,q,|q-]
2246,534,2,queen,queen
2247,534,3,of,of
2248,534,4,spades,spades
2249,534,5,is,is
2250,534,6,thirteen,thirteen
2251,534,7,points,points
2252,534,8, ,","
2253,535,0,the,the
2254,535,1,object,object
2255,535,2,is,is
2256,535,3,not,not
2257,535,4,to,to
2258,535,5,have,have
2259,535,6,any,any
2260,535,7,points,points
2261,535,8, ,.
2262,536,0, ,..
2263,536,1,And,And
2264,536,2, ,","
2265,537,0,you,you
2266,537,1,play,p:lay
2267,537,2,following,following
2268,537,3,suit,suit
2269,537,4, ,","
2270,538,0, ,...
2271,538,1,and,an:d
2272,538,2, ,","
2273,539,0, ,...
2274,539,1,you,you
2275,539,2,can,can
2276,539,3,take,take
2277,539,4, ,","
2278,540,0,if,if
2279,540,1,you,you
2280,540,2,take,take
2281,540,3,tricks,tricks
2282,540,4, ,","
2283,541,0,th,th-
2284,541,1,the,the
2285,541,2,highest,highest
2286,541,3,card,card
2287,541,4,of,of
2288,541,5,the,the
2289,541,6,suit,suit
2290,541,7, ,","
2291,542,0,takes,takes
2292,542,1,the,the
2293,542,2,trick,trick
2294,542,3, ,.
2295,543,0,If,If
2296,543,1,you,you
2297,543,2,don't,don't
2298,543,3,have,have
2299,543,4,the,the
2300,543,5,card,card
2301,543,6,of,of
2302,543,7,the,the
2303,543,8,suit,suit
2304,543,9, ,","
2305,544,0,you,[you
2306,544,1,throw,|throw]
2307,544,2,whatever,whatever
2308,544,3,you,you
2309,544,4,want,want
2310,544,5, ,.
2311,545,0, ,[]
2312,546,0,Okay,Okay
2313,546,1, ,.
2314,547,0,So,So
2315,547,1,h,h-
2316,547,2,hearts,hearts
2317,547,3, ,","
2318,548,0, ,..
2319,548,1,and,and
2320,548,2,the,the
2321,548,3,queen,queen
2322,548,4,of,of
2323,548,5,spades,spades
2324,548,6, ,","
2325,549,0,Are,Are
2326,549,1,bad,[bad]
2327,549,2, ,.
2328,550,0,are,[are
2329,550,1,the,|the]
2330,550,2,only,only
2331,550,3,thing,thing
2332,550,4, ,.
2333,551,0,That,That
2334,551,1,are,are
2335,551,2, ,--
2336,552,0,That,That
2337,552,1, ,--
2338,553,0,that,[that
2339,553,1,have,|have
2340,553,2,points,|points]
2341,553,3, ,.
2342,554,0,That,[That
2343,554,1,are,|are
2344,554,2,points,|points]
2345,554,3, ,.
2346,555,0,Right,Right
2347,555,1, ,.
2348,556,0, ,[
2349,556,1,So,|So
2350,556,2,if,|if
2351,556,3,you,|you-
2352,556,4, ,--
2353,557,0, ,..
2354,557,1,So,So]
2355,557,2, ,","
2356,558,0,if,|if
2357,558,1,you,|you
2358,558,2,throw,|throw]
2359,558,3, ,--
2360,559,0, ,%
2361,560,0,Look,[Look
2362,560,1,okay,|okay]
2363,560,2, ,.
2364,561,0,y,[y-]
2365,561,1, ,--
2366,563,0,so,so
2367,563,1,we,we
2368,563,2,got,got
2369,563,3,like,like
2370,563,4,three,three
2371,563,5,points,points
2372,563,6, ,","
2373,564,0,right,right
2374,564,1,here,here
2375,564,2, ,.
2376,565,0, ,...
2377,565,1,Right,[Right]
2378,565,2, ,.
2379,566,0,we,[we]
2380,566,1,have,have
2381,566,2,three,three
2382,566,3,points,points
2383,566,4,in,in
2384,566,5,our,our
2385,566,6,hand,hand
2386,566,7, ,","
2387,567,0,exactly,[2exactly]
2388,567,1, ,.
2389,568,0,And,[2And
2390,568,1,we,|2we
2391,568,2,w,|2w-
2392,568,3,wanna,|2wanna]
2393,568,4,try,try
2394,568,5,to,to
2395,568,6,get,get
2396,568,7,rid,[3rid
2397,568,8,of,|3of
2398,568,9,that,|3that]
2399,568,10, ,.
2400,569,0, ,[3
2401,569,1,NRight,|3N_Right]
2402,569,2, ,","
2403,570,0,but,but
2404,570,1,we're,we're
2405,570,2,passing,pa:ssing
2406,570,3, ,.
2407,571,0,Now,Now
2408,571,1,the,the
2409,571,2,first,first
2410,571,3,thing,thing
2411,571,4,you,you
2412,571,5,do,do
2413,571,6,is,is
2414,571,7,you,you
2415,571,8,pass,pa:ss
2416,571,9,three,three
2417,571,10,cards,cards
2418,571,11,to,to
2419,571,12,your,your
2420,571,13,left,left
2421,571,14, ,.
2422,572,0,Now,Now
2423,572,1,these,these
2424,572,2,are,are
2425,572,3,low,low
2426,572,4,hearts,hearts
2427,572,5, ,.
2428,573,0,So,So
2429,573,1,I,I
2430,573,2,can,can
2431,573,3, ,--
2432,574,0, ,..
2433,574,1,I'm,I'm
2434,574,2,not,not
2435,574,3,gonna,gonna
2436,574,4,pass,pass
2437,574,5,those,those
2438,574,6, ,.
2439,575,0,I'm,I'm
2440,575,1,gonna,gonna
2441,575,2,pass,pass
2442,575,3, ,","
2443,576,0, ,...
2444,576,1,the,the
2445,576,2,f,f-
2446,576,3, ,[..
2447,576,4,four,|four
2448,576,5,of,|of]
2449,576,6,clubs,clubs
2450,576,7, ,","
2451,577,0,All,[All
2452,577,1,the,|the
2453,577,2, ,--
2454,578,0,y,|y-
2455,578,1,right,|right-]
2456,578,2, ,--
2457,579,0, ,...
2458,579,1,Why,Why
2459,579,2,is,is
2460,579,3,that,that
2461,579,4, ,.
2462,580,0, ,...
2463,580,1,And,And
2464,580,2,these,these
2465,580,3,are,are
2466,580,4,two,two
2467,580,5,high,high
2468,580,6, ,--
2469,581,0,why,why
2470,581,1, ,--
2471,582,0,just,just
2472,582,1,because,because
2473,582,2, ,.
2474,583,0,And,And
2475,583,1, ,--
2476,584,0,cause,cause
2477,584,1,you,you
2478,584,2,should,should
2479,584,3,always,always
2480,584,4,pass,pass
2481,584,5,a,a
2482,584,6,club,club
2483,584,7, ,","
2484,585,0, ,..
2485,585,1,so,so
2486,585,2,that,that
2487,585,3,the,the
2488,585,4,person,person
2489,585,5, ,--
2490,586,0, ,..
2491,586,1,so,so
2492,586,2,that,that
2493,586,3,the,the
2494,586,4,first,first
2495,586,5,hand,hand
2496,586,6, ,","
2497,587,0,y,%y-
2498,587,1, ,..
2499,587,2,everyone,everyone
2500,587,3,has,has
2501,587,4,a,a
2502,587,5,club,club
2503,587,6, ,","
2504,588,0,so,so
2505,588,1,that,that
2506,588,2,they,they
2507,588,3,can't,can't
2508,588,4, ,..
2509,588,5,discard,discard
2510,588,6,a,a
2511,588,7,heart,heart
2512,588,8, ,.
2513,589,0,Cause,Cause
2514,589,1,you,you
2515,589,2,always,always
2516,589,3,assume,assume
2517,589,4,that,that
2518,589,5,everyone's,everyone's
2519,589,6,t,t-
2520,589,7, ,--
2521,590,0,no,no
2522,590,1,one,one
2523,590,2,is,is
2524,590,3,void,voi:d
2525,590,4, ,","
2526,591,0,of,of
2527,591,1,a,a
2528,591,2,suit,suit
2529,591,3, ,.
2530,592,0,The,The
2531,592,1,first,first
2532,592,2,time,time
2533,592,3,around,around
2534,592,4, ,","
2535,593,0,so,so
2536,593,1,you,you
2537,593,2,don't,don't
2538,593,3,have,have
2539,593,4,to,to
2540,593,5,worry,worry
2541,593,6,about,about
2542,593,7,throwing,throwing
2543,593,8,a,a
2544,593,9,high,high
2545,593,10,card,[card
2546,593,11, ,.
2547,594,0,Yeah,[Yeah
2548,594,1, ,.
2549,595,0, ,|..
2550,595,1,Yeah,|Yeah]
2551,595,2, ,.
2552,596,0, ,|]
2553,596,1,And,And
2554,596,2,then,then
2555,596,3,I'm,I'm
2556,596,4,gonna,gonna
2557,596,5,throw,throw
2558,596,6,two,two
2559,596,7,high,high
2560,596,8,cards,cards
2561,596,9, ,","
2562,597,0,so,so
2563,597,1,I,I
2564,597,2,don't,don't
2565,597,3,take,take
2566,597,4,those,those
2567,597,5,tricks,tricks
2568,597,6, ,.
2569,598,0,Because,[Because
2570,598,1, ,|]
2571,598,2, ,--
2572,598,3, , 
2573,599,0, ,[
2574,599,1,But,|But
2575,599,2,what,|what]
2576,599,3,difference,difference
2577,599,4,does,does
2578,599,5,it,it
2579,599,6,make,make
2580,599,7,if,if
2581,599,8,you,you
2582,599,9,take,take
2583,599,10,a,a
2584,599,11,trick,[2trick
2585,599,12, ,.
2586,600,0, ,[2
2587,600,1,Well,|2Well
2588,600,2,because,|2because
2589,600,3, ,|20-
2590,600,4, ,--
2591,601,0,They're,|2They're
2592,601,1,not,|2not
2593,601,2,worth,|2worth
2594,601,3,anything,|2anything2]
2595,601,4, ,.
2596,602,0, ,|2
2597,602,1,Cause,|2Cause
2598,602,2,if,|2if
2599,602,3,I,|2I2]:
2600,602,4,t,t-
2601,602,5, ,--
2602,603,0,If,If
2603,603,1,I,I
2604,603,2,take,take
2605,603,3,a,a
2606,603,4,tr,tr-
2607,603,5, ,--
2608,604,0,the,the
2609,604,1,k,k-
2610,604,2,diamond,diamond
2611,604,3,trick,trick
2612,604,4, ,","
2613,605,0,and,and
2614,605,1,somebody,somebody
2615,605,2,didn't,didn't
2616,605,3,have,have
2617,605,4,diamonds,diamonds
2618,605,5, ,","
2619,606,0,and,and
2620,606,1,they,they
2621,606,2,threw,threw
2622,606,3,a,a
2623,606,4,heart,heart
2624,606,5,into,into
2625,606,6,that,that
2626,606,7,pile,pile
2627,606,8, ,","
2628,607,0,I,I
2629,607,1,was,was
2630,607,2,gonna,gonna
2631,607,3,take,take
2632,607,4,that,that
2633,607,5, ,","
2634,608,0,with,with
2635,608,1,that,that
2636,608,2,ace,ace
2637,608,3, ,.
2638,609,0, ,...
2639,609,1,So,So
2640,609,2,if,if
2641,609,3,I,I
2642,609,4,throw,throw
2643,609,5,an,an
2644,609,6,ace,ace
2645,609,7,of,of
2646,609,8,diamonds,diamonds
2647,609,9, ,","
2648,610,0,and,and
2649,610,1,somebody,somebody
2650,610,2,doesn't,doesn't
2651,610,3,have,have
2652,610,4,any,any
2653,610,5,diamonds,diamonds
2654,610,6, ,","
2655,611,0,they're,they're
2656,611,1,gonna,gonna
2657,611,2,throw,throw
2658,611,3,a,a
2659,611,4,heart,heart
2660,611,5,on,on
2661,611,6,me,me
2662,611,7, ,","
2663,612,0,and,and
2664,612,1,I'm,I'm
2665,612,2,gonna,[gonna
2666,612,3,have,|have
2667,612,4,to,|to]
2668,612,5,take,take
2669,612,6,that,that
2670,612,7,trick,[2trick]
2671,612,8, ,.
2672,613,0, ,[
2673,613,1, ,|]
2674,614,0,Okay,[2Okay
2675,614,1, ,","
2676,615,0,but,|2but
2677,615,1, ,","
2678,616,0,but,|2but
2679,616,1,if,|2if
2680,616,2,they,|2they
2681,616,3,play,|2play
2682,616,4,hearts,|2hearts
2683,616,5, ,","
2684,617,0,that,|2that
2685,617,1,doesn't,|2doesn't
2686,617,2, ,--
2687,618,0, ,|2..
2688,618,1,that,|2that
2689,618,2,doesn't,|2doesn't
2690,618,3,win,|2win
2691,618,4,anything,|2anything
2692,618,5, ,.
2693,619,0, ,|2...
2694,619,1,I,|2[I-
2695,619,2, ,--
2696,620,0,If,[If
2697,620,1,they,|they
2698,620,2,play,|play
2699,620,3,h,|h-
2700,620,4, ,--
2701,621,0,nokay,|2|n_okay
2702,621,1, ,.
2703,622,0,Just,|2|Just
2704,622,1,go,|2|go
2705,622,2,ahead,|2|ahead
2706,622,3,and,|2|and
2707,622,4,play,|2|play]
2708,622,5, ,.
2709,623,0,Okay,|Okay
2710,623,1, ,.
2711,624,0,Alright,|Alright]
2712,624,1, ,?
2713,625,0,So,So
2714,625,1,I'm,I'm
2715,625,2,passing,passing
2716,625,3,three,three
2717,625,4,sthree,s_three
2718,625,5,cards,cards
2719,625,6, ,.
2720,626,0,And,[And
2721,626,1,I,|I
2722,626,2,got,|got]
2723,626,3, ,","
2724,627,0, ,|[]
2725,628,0,the,the
2726,628,1,seven,seven
2727,628,2,of,of
2728,628,3,hearts,hearts
2729,628,4, ,","
2730,629,0,three,three
2731,629,1,of,of
2732,629,2,hearts,hearts
2733,629,3, ,","
2734,630,0,and,and
2735,630,1,the,the
2736,630,2,king,king
2737,630,3,of,of
2738,630,4,f,f-
2739,630,5,spades,spades
2740,630,6, ,.
2741,631,0,Begin,Begin
2742,631,1,play,play
2743,631,2, ,.
2744,632,0,The,The
2745,632,1,two,two
2746,632,2,of,of
2747,632,3,clubs,clubs
2748,632,4,always,always
2749,632,5,leads,leads
2750,632,6, ,","
2751,633,0, ,..
2752,633,1,I'm,I'm
2753,633,2,gonna,gonna
2754,633,3,throw,throw
2755,633,4,the,the
2756,633,5,ace,ace
2757,633,6,of,of
2758,633,7,clubs,clubs
2759,633,8, ,","
2760,634,0,assuming,assuming
2761,634,1,I'm,I'm
2762,634,2,gonna,gonna
2763,634,3,take,take
2764,634,4,this,this
2765,634,5,trick,[trick
2766,634,6, ,","
2767,635,0,Okay,[Okay-
2768,635,1, ,--
2769,636,0, ,|..
2770,636,1,Okay,|Okay
2771,636,2, ,.
2772,637,0, ,|
2773,637,1,no,|no
2774,637,2,one,|one
2775,637,3,have,|#have
2776,637,4,to,|#to]
2777,637,5, ,--
2778,638,0,and,|and
2779,638,1,then,|then-
2780,638,2, ,--
2781,639,0,and,|and
2782,639,1,everybody,|everybody]
2783,639,2, ,--
2784,640,0,Right,Right
2785,640,1, ,.
2786,642,0,So,So
2787,642,1,it's,it's
2788,642,2,kinda,kinda
2789,642,3,risky,risky
2790,642,4,playing,playing
2791,642,5,the,the
2792,642,6,king,king
2793,642,7, ,","
2794,643,0,since,since
2795,643,1, ,","
2796,644,0,But,But
2797,644,1,I'm,I'm
2798,644,2,gonna,gonna
2799,644,3,assume,assume
2800,644,4,everyone,everyone
2801,644,5,has,[has
2802,644,6,clubs,|clubs]
2803,644,7,still,still
2804,644,8, ,.
2805,645,0,Okay,[Okay]
2806,645,1, ,.
2807,646,0,Alright,Alright
2808,646,1, ,.
2809,647,0, ,[###]
2810,648,0,Okay,[Okay
2811,648,1, ,","
2812,649,0,cause,|cause
2813,649,1,there,|there
2814,649,2,are,|are]
2815,649,3,thirteen,thirteen
2816,649,4,cards,cards
2817,649,5, ,","
2818,650,0,I'm,I'm
2819,650,1,assuming,assuming
2820,650,2,it's,it's
2821,650,3,an,an
2822,650,4,equal,equal
2823,650,5,deal,deal
2824,650,6, ,.
2825,651,0,Now,Now
2826,651,1,there,there
2827,651,2,are,are
2828,651,3,eight,eight
2829,651,4,clubs,clubs
2830,651,5,out,out
2831,651,6, ,","
2832,652,0,that,that
2833,652,1,means,means
2834,652,2,there,there
2835,652,3,are,are
2836,652,4,only,only
2837,652,5,four,f:our
2838,652,6,more,more
2839,652,7,left,left
2840,652,8, ,.
2841,653,0,So,So
2842,653,1,you,you
2843,653,2,don't,don't
2844,653,3, ,--
2845,654,0,y,y-
2846,654,1, ,--
2847,655,0, ,..
2848,655,1,so,so
2849,655,2,you,you
2850,655,3,wanna,wanna
2851,655,4,play,play
2852,655,5, ,","
2853,656,0, ,..
2854,656,1,So,[So
2855,656,2,I'm,|I'm
2856,656,3,gonna,|gonna-]
2857,656,4, ,--
2858,657,0,A,[A
2859,657,1,high,|high]
2860,657,2,d,d-
2861,657,3, ,--
2862,658,0,high,high
2863,658,1,diamond,diamond
2864,658,2, ,.
2865,659,0, ,...
2866,659,1,Yeah,Yeah
2867,659,2, ,","
2868,660,0,exactly,exactly
2869,660,1, ,.
2870,661,0,Like,Like
2871,661,1,a,a
2872,661,2,high,high
2873,661,3,diamond,diamond
2874,661,4, ,.
2875,662,0,So,So
2876,662,1,jack,jack
2877,662,2,of,of
2878,662,3,diamonds,diamonds
2879,662,4, ,.
2880,663,0, ,..
2881,663,1,Okay,Okay
2882,663,2, ,","
2883,664,0,taken,[taken
2884,664,1,with,|with:
2885,664,2, ,|--
2886,664,3, , 
2887,665,0,Okay,[Okay
2888,665,1, ,","
2889,666,0,so,|so
2890,666,1,he,|he
2891,666,2,took,|took
2892,666,3,that,|that
2893,666,4, ,.
2894,667,0,Okay,|Okay
2895,667,1, ,.
2896,668,0, ,|
2897,668,1,Now,|Now
2898,668,2,the,|the]
2899,668,3,spade,spade
2900,668,4, ,","
2901,669,0,so,|so
2902,669,1,now,|now]
2903,669,2, ,--
2904,670,0,Now,Now
2905,670,1,this,this
2906,670,2,is,is
2907,670,3,a,a
2908,670,4,tricky,tricky
2909,670,5,one,one
2910,670,6, ,","
2911,671,0,now,now
2912,671,1, ,","
2913,672,0,If,If
2914,672,1,I,I
2915,672,2,have,have
2916,672,3,a,a
2917,672,4,high,high
2918,672,5,spade,spade
2919,672,6,now,now
2920,672,7, ,","
2921,673,0,I'd,I'd
2922,673,1,throw,throw
2923,673,2,it,it
2924,673,3, ,","
2925,674,0,because,because
2926,674,1,I,I
2927,674,2,could,could
2928,674,3,take,take
2929,674,4,this,this
2930,674,5,trick,trick
2931,674,6, ,","
2932,675,0,and,and
2933,675,1,the,the
2934,675,2,h,h-
2935,675,3,my,my
2936,675,4,highest,highest
2937,675,5,spade,spade
2938,675,6,would,would
2939,675,7,be,be
2940,675,8,out,out
2941,675,9, ,.
2942,676,0,Now,Now
2943,676,1,I,I
2944,676,2,don't,don't
2945,676,3,ever,ever
2946,676,4,wanna,wanna
2947,676,5,take,take
2948,676,6,the,the
2949,676,7,queen,queen
2950,676,8,of,of
2951,676,9,spades,spades
2952,676,10, ,","
2953,677,0,high,high
2954,677,1,spades,spades
2955,677,2,are,are
2956,677,3,dangerous,dangerous
2957,677,4,because,because
2958,677,5,you,you
2959,677,6,might,might
2960,677,7, ,--
2961,678,0,queen,queen
2962,678,1,of,of
2963,678,2,spades,spades
2964,678,3,is,is
2965,678,4,a,a
2966,678,5,hard,hard
2967,678,6,cr,cr-
2968,678,7,card,card
2969,678,8,to,to
2970,678,9,get,get
2971,678,10,rid,[rid
2972,678,11,of,|of]
2973,678,12, ,.
2974,679,0, ,[]
2975,679,1,So,So
2976,679,2,if,if
2977,679,3, ,","
2978,680,0, ,..
2979,680,1,yeah,yeah
2980,680,2,okay,okay
2981,680,3, ,","
2982,681,0,I,[I
2983,681,1,see,|see]
2984,681,2, ,.
2985,682,0,Now,[Now
2986,682,1,I,|I]
2987,682,2,don't,don't
2988,682,3,have,have-
2989,682,4, ,--
2990,683,0,oh,oh
2991,683,1,I,I
2992,683,2,do,do
2993,683,3,have,have
2994,683,4,a,a
2995,683,5,spade,[2spade]
2996,683,6, ,.
2997,684,0,Well,[2Well
2998,684,1,you're,|2you're
2999,684,2,in,|2in
3000,684,3,a,|2a
3001,684,4,good,|2good]
3002,684,5,position,position
3003,684,6,now,now
3004,684,7, ,","
3005,685,0,because,because
3006,685,1,you've,you've
3007,685,2,seen,seen
3008,685,3,what,what
3009,685,4,everybody,everybody
3010,685,5,else,else
3011,685,6,has,has
3012,685,7,played,played
3013,685,8, ,.
3014,686,0, ,...
3015,686,1,Right,Right
3016,686,2, ,.
3017,687,0,That's,That's
3018,687,1,why,why
3019,687,2, ,.
3020,688,0,Diamond,[Diamond
3021,688,1, ,","
3022,689,0,So,[So
3023,689,1,you,|you
3024,689,2,have,|have
3025,689,3,to,|to
3026,689,4,play,|play
3027,689,5,a,|a
3028,689,6,diamond,|diamond
3029,689,7, ,.
3030,690,0, ,|
3031,690,1,Now,|Now
3032,690,2,h,|h-]
3033,690,3, ,--
3034,691,0,Right,|Right]
3035,691,1, ,?
3036,692,0,Right,Right
3037,692,1, ,","
3038,693,0,and,and
3039,693,1,there,there
3040,693,2,have,have
3041,693,3,been,been
3042,693,4,no,no
3043,693,5,diamond,diamond-
3044,693,6, ,--
3045,694,0,Has,Has
3046,694,1,there,there
3047,694,2,been,been
3048,694,3,a,a
3049,694,4,diamond,diamond
3050,694,5,trick,trick
3051,694,6, ,?
3052,695,0,There's,[There's
3053,695,1,been,|been
3054,695,2,one,|one
3055,695,3,diamond,|diamond
3056,695,4,trick,|trick
3057,695,5, ,.
3058,696,0,uh,[uh:
3059,696,1, ,","
3060,697,0,y,|y-
3061,697,1, ,--
3062,698,0, ,|..
3063,698,1,yeah,|yeah
3064,698,2, ,.
3065,699,0,w,|w-]
3066,699,1,only,only
3067,699,2,one,one
3068,699,3,though,though
3069,699,4, ,.
3070,700,0,Yeah,|Yeah]
3071,700,1, ,.
3072,701,0,Right,Right
3073,701,1, ,?
3074,702,0,Yeah,Yeah
3075,702,1, ,.
3076,703,0, ,..
3077,703,1,Okay,Okay
3078,703,2, ,.
3079,704,0, ,...
3080,704,1,Yeah,Yeah
3081,704,2, ,","
3082,705,0,you,you
3083,705,1,played,played
3084,705,2,your,your
3085,705,3,ace,ace
3086,705,4, ,.
3087,706,0,Okay,Okay
3088,706,1,now,now
3089,706,2,it,it
3090,706,3,was,was
3091,706,4,led,le:d
3092,706,5, ,","
3093,707,0, ,..
3094,707,1,the,the
3095,707,2,spade,spade
3096,707,3,was,was
3097,707,4,led,led
3098,707,5, ,","
3099,708,0, ,...
3100,708,1,but,but
3101,708,2,there's,there's
3102,708,3,a,a
3103,708,4,heart,heart
3104,708,5,in,in
3105,708,6,this,this
3106,708,7,trick,trick
3107,708,8, ,.
3108,709,0,So,So
3109,709,1,I,I
3110,709,2,wanna,wanna
3111,709,3,get,get
3112,709,4,under,under
3113,709,5,the,the
3114,709,6,seven,seven
3115,709,7, ,.
3116,710,0, ,...
3117,710,1,Because,Because
3118,710,2,I,I
3119,710,3,don't,don't
3120,710,4,wanna,wanna
3121,710,5,take,take
3122,710,6,this,this
3123,710,7,trick,trick
3124,710,8, ,.
3125,711,0,Because,Because
3126,711,1,there's,there's
3127,711,2,a,a
3128,711,3,heart,heart
3129,711,4, ,.
3130,712,0,Okay,[Okay]
3131,712,1, ,.
3132,713,0, ,[]
3133,713,1,But,But
3134,713,2,that's,that's
3135,713,3,easy,easy
3136,713,4, ,","
3137,714,0,cause,2[cause
3138,714,1,I,|I2]
3139,714,2,only,only
3140,714,3,have,have
3141,714,4,two,two
3142,714,5,spades,spades
3143,714,6, ,","
3144,715,0, ,[2]
3145,716,0,and,and
3146,716,1,they're,they're
3147,716,2,both,both
3148,716,3,under,under
3149,716,4,seven,seven
3150,716,5, ,.
3151,717,0, ,..
3152,717,1,so,so
3153,717,2,you,you
3154,717,3,would,would
3155,717,4,have,have
3156,717,5,taken,taken
3157,717,6,that,that
3158,717,7, ,","
3159,718,0,If,If
3160,718,1,I,I
3161,718,2,had,had
3162,718,3,a,[a
3163,718,4,eight,|eight]
3164,718,5, ,.
3165,719,0, ,[]
3166,719,1,So,So
3167,719,2,now,now
3168,719,3, ,","
3169,720,0,you,[2you
3170,720,1,can,|2can]
3171,720,2,still,still
3172,720,3,get,[3get
3173,720,4,under,|3under
3174,720,5,that,|3that
3175,720,6, ,","
3176,721,0, ,[2]
3177,722,0,I,[3I
3178,722,1,could,|3could
3179,722,2,still,|3still
3180,722,3,get,|3get
3181,722,4,under,|3under
3182,722,5,so,|3so
3183,722,6, ,|3
3184,722,7, ,","
3185,723,0,Alright,|3Alright
3186,723,1, ,|3
3187,723,2, ,.
3188,724,0,too,|3too
3189,724,1, ,.
3190,725,0, ,|3..
3191,725,1,He's,|3He's
3192,725,2,got,|3got
3193,725,3,an,|3an
3194,725,4,eight,|3eight
3195,725,5, ,.
3196,726,0,So,|3So
3197,726,1,you,|3you-3]
3198,726,2, ,--
3199,727,0, ,|3[3
3200,727,1,Now,|3Now
3201,727,2,listen,|3li]sten
3202,727,3, ,","
3203,728,0, ,...
3204,728,1,Okay,Okay
3205,728,2,now,now
3206,728,3, ,","
3207,729,0,b,b-
3208,729,1,two,two
3209,729,2,different,different
3210,729,3,people,people
3211,729,4,took,took
3212,729,5, ,..
3213,729,6,hearts,hearts
3214,729,7, ,.
3215,730,0,Now,Now
3216,730,1, ,","
3217,731,0,if,if
3218,731,1,you,you
3219,731,2,t,t-
3220,731,3,have,have
3221,731,4,all,all
3222,731,5, ,--
3223,732,0,if,if
3224,732,1,you,you
3225,732,2,take,take
3226,732,3,all,all
3227,732,4,the,the
3228,732,5,points,points
3229,732,6, ,","
3230,733,0, ,...
3231,733,1,if,if
3232,733,2,you,you
3233,733,3,take,take
3234,733,4,all,all
3235,733,5,the,the
3236,733,6,points,points
3237,733,7, ,.
3238,734,0,All,All
3239,734,1,thirteen,thirteen
3240,734,2,hearts,hearts
3241,734,3, ,","
3242,735,0,and,and
3243,735,1,the,the
3244,735,2,queen,[queen
3245,735,3,of,|of
3246,735,4,diamonds,|diamonds
3247,735,5, ,","
3248,736,0,So,[So
3249,736,1,that's,|that's
3250,736,2,twentysix,|twenty-six
3251,736,3,points,|points]
3252,736,4, ,.
3253,737,0, ,|
3254,737,1,it's,|it's
3255,737,2,called,|called]
3256,737,3, ,","
3257,738,0,right,right
3258,738,1, ,.
3259,739,0,It's,It's
3260,739,1,called,called
3261,739,2,shooting,shooting
3262,739,3,the,the
3263,739,4,moon,moon
3264,739,5, ,","
3265,740,0,and,and
3266,740,1,you,you
3267,740,2,get,get
3268,740,3, ,--
3269,741,0, ,...
3270,741,1,you,you
3271,741,2,give,give
3272,741,3,everyone,everyone
3273,741,4,else,else
3274,741,5, ,..
3275,741,6,twentysix,twenty-six
3276,741,7,points,points
3277,741,8, ,","
3278,742,0, ,...
3279,742,1,or,or
3280,742,2,else,else
3281,742,3,you're,you're
3282,742,4,minus,minus
3283,742,5,twentysix,twenty-six
3284,742,6,points,points
3285,742,7, ,.
3286,743,0, ,...
3287,743,1,And,And
3288,743,2,that's,that's
3289,743,3,good,good
3290,743,4, ,.
3291,744,0, ,...
3292,744,1,Shooting,Shooting
3293,744,2,the,the
3294,744,3,moon,moon
3295,744,4,is,is
3296,744,5,really,really
3297,744,6,hard,hard
3298,744,7,to,to
3299,744,8,do,do
3300,744,9, ,.
3301,745,0,Now,Now
3302,745,1,look,look
3303,745,2,it,it
3304,745,3, ,","
3305,746,0,I,I
3306,746,1,don't,don't
3307,746,2,have,have
3308,746,3,a,a
3309,746,4,club,club
3310,746,5, ,","
3311,747,0, ,...
3312,747,1,So,So
3313,747,2,you,you
3314,747,3,can,can
3315,747,4,throw,throw
3316,747,5,a,a
3317,747,6,heart,heart
3318,747,7, ,.
3319,748,0,there,there
3320,748,1,you,you
3321,748,2,go,[go]
3322,748,3, ,.
3323,749,0,A,[A
3324,749,1,high,|high]
3325,749,2,heart,heart
3326,749,3, ,.
3327,750,0,Okay,Okay
3328,750,1, ,.
3329,751,0, ,...
3330,751,1,I,I
3331,751,2,don't,don't
3332,751,3,have,have
3333,751,4,a,a
3334,751,5,club,club
3335,751,6, ,.
3336,752,0, ,...
3337,752,1,Now,Now
3338,752,2, ,","
3339,753,0, ,..
3340,753,1,somebody,somebody
3341,753,2,else,else
3342,753,3,did,did
3343,753,4,take,take
3344,753,5,hearts,hearts
3345,753,6, ,.
3346,754,0,Right,Right
3347,754,1, ,?
3348,755,0, ,...
3349,755,1,Or,Or
3350,755,2,did,did
3351,755,3,he,he
3352,755,4, ,--
3353,756,0, ,...
3354,756,1,or,or
3355,756,2,am,am
3356,756,3,I,I
3357,756,4,mistaken,mistaken
3358,756,5, ,.
3359,757,0, ,..
3360,757,1,I,I
3361,757,2,thought,thought
3362,757,3,ev,ev-
3363,757,4,someone,someone
3364,757,5,else,else
3365,757,6,did,did
3366,757,7,take,take
3367,757,8,hearts,hearts
3368,757,9, ,","
3369,758,0,I,I
3370,758,1,think,think
3371,758,2,somebody,somebody
3372,758,3,else,else
3373,758,4,did,did
3374,758,5,take,take
3375,758,6,hearts,hearts
3376,758,7, ,.
3377,760,0,Queen,Queen
3378,760,1,of,of
3379,760,2,spades,spades
3380,760,3,gonna,gonna
3381,760,4,have,have
3382,760,5,to,to
3383,760,6,come,come
3384,760,7,up,up
3385,760,8,m,m-
3386,760,9, ,--
3387,761,0,n,"[n,"
3388,761,1, ,"-,"
3389,762,0,There,[There
3390,762,1, ,.
3391,763,0,there,|there
3392,763,1,it,|it
3393,763,2,is,|is]
3394,763,3, ,.
3395,764,0,He,|He
3396,764,1,led,|led
3397,764,2, ,","
3398,765,0, ,|..
3399,765,1,id,|0id]
3400,765,2,he,he
3401,765,3,just,just
3402,765,4,shoot,shoot
3403,765,5,the,the
3404,765,6,moon,moon
3405,765,7, ,?
3406,766,0, ,...
3407,766,1,I,I
3408,766,2,thought,thought
3409,766,3,someone,someone
3410,766,4,else,else
3411,766,5,took,took
3412,766,6, ,--
3413,767,0, ,...
3414,767,1,No,No
3415,767,2, ,.
3416,768,0,Ch,Ch-
3417,768,1, ,--
3418,769,0,Yeah,Yeah
3419,769,1, ,.
3420,770,0,So,So
3421,770,1,he,he
3422,770,2,got,got
3423,770,3, ,--
3424,771,0,Groucho,Groucho
3425,771,1,got,got
3426,771,2,one,[one
3427,771,3,heart,|heart]
3428,771,4, ,","
3429,772,0,One,[One]
3430,772,1, ,","
3431,773,0,and,and
3432,773,1,Chico,Chico
3433,773,2,got,got
3434,773,3,twentyfive,twentyfive.
3435,773,4, ,-.
3436,774,0,So,So
3437,774,1,he's,he's
3438,774,2,b,b-
3439,774,3,kinda,[kinda
3440,774,4,bumming,|bumming
3441,774,5,right,|right
3442,774,6,now,|now]
3443,774,7, ,.
3444,775,0,So,[So
3445,775,1,he,|he
3446,775,2,sucks,|sucks]
3447,775,3, ,.
3448,776,0,right,right
3449,776,1, ,.
3450,777,0, ,..
3451,777,1,Okay,Okay
3452,777,2, ,.
3453,778,0,So,So
3454,778,1,pass,pass
3455,778,2,three,three
3456,778,3,cards,cards
3457,778,4, ,.
3458,779,0,So,So
3459,779,1,we,we
3460,779,2,wanna,[wanna]
3461,779,3, ,...
3462,779,4,pass,pa:ss
3463,779,5, ,","
3464,780,0, ,[%]
3465,781,0, ,..
3466,781,1,Alright,Alright
3467,781,2, ,.
3468,782,0,Pass,Pa:ss
3469,782,1, ,","
3470,783,0,so,so
3471,783,1,we're,we're
3472,783,2,gonna,gonna
3473,783,3,pass,pass
3474,783,4, ,","
3475,784,0,the,the
3476,784,1,king,king
3477,784,2,of,of
3478,784,3, ,..
3479,784,4,spades,spades
3480,784,5, ,.
3481,785,0,King,King
3482,785,1,of,of
3483,785,2, ,...
3484,785,3,puppydogs',puppy-dogs'
3485,785,4,feet,feet
3486,785,5, ,.
3487,786,0, ,...
3488,786,1, ,@
3489,786,2, ,...
3490,786,3,How,How
3491,786,4,come,come
3492,786,5,you,you
3493,786,6,don't,don't
3494,786,7,pass,pass
3495,786,8,the,the
3496,786,9,king,king
3497,786,10,of,of
3498,786,11, ,..
3499,786,12,clubs,clubs
3500,786,13, ,.
3501,787,0, ,..
3502,787,1,I,I
3503,787,2,might,might
3504,787,3, ,.
3505,788,0, ,...
3506,788,1,I,I
3507,788,2,don't,don't
3508,788,3,have,have
3509,788,4,any,any
3510,788,5,aces,aces
3511,788,6,here,here
3512,788,7, ,.
3513,789,0, ,..
3514,789,1,I'm,I'm
3515,789,2,gonna,gonna
3516,789,3,pass,pass
3517,789,4,a,a
3518,789,5,low,low
3519,789,6,heart,heart
3520,789,7, ,.
3521,790,0, ,...
3522,790,1,Just,Just
3523,790,2,so,so
3524,790,3,they,they
3525,790,4,can't,can't
3526,790,5,shoot,shoot
3527,790,6,the,the
3528,790,7,moon,moon
3529,790,8, ,.
3530,791,0,I,I
3531,791,1,got,got
3532,791,2,the,the
3533,791,3,ace,ace
3534,791,4,of,of
3535,791,5,hearts,hearts
3536,791,6, ,","
3537,792,0, ,...
3538,792,1,Okay,Okay
3539,792,2, ,.
3540,793,0, ,...
3541,793,1,Two,Two
3542,793,2,of,of
3543,793,3,clubs,clubs
3544,793,4, ,.
3545,794,0,King,King
3546,794,1,of,of
3547,794,2,clubs,clubs
3548,794,3, ,.
3549,795,0,Ace,Ace
3550,795,1,is,is
3551,795,2,out,out
3552,795,3, ,.
3553,796,0,So,So
3554,796,1,my,my
3555,796,2,queen,queen
3556,796,3,is,is
3557,796,4,the,the
3558,796,5,highest,highest
3559,796,6,there,there
3560,796,7, ,.
3561,797,0, ,...
3562,797,1,Alright,Alright
3563,797,2, ,","
3564,798,0,my,my
3565,798,1,jack,jack
3566,798,2,is,is
3567,798,3,the,the
3568,798,4,highest,highest
3569,798,5,there,there
3570,798,6, ,.
3571,799,0, ,...
3572,799,1,So,So
3573,799,2,you,you
3574,799,3,wanna,wanna
3575,799,4,play,play
3576,799,5,that,that
3577,799,6,now,now
3578,799,7, ,.
3579,800,0, ,..
3580,800,1,Oh,Oh:
3581,800,2, ,","
3582,801,0, ,..
3583,801,1,Well,Well
3584,801,2,I'll,I'll
3585,801,3,do,do
3586,801,4,it,it
3587,801,5, ,.
3588,802,0, ,...
3589,802,1,So,[So
3590,802,2,you,|you
3591,802,3,took,|took]
3592,802,4,that,that
3593,802,5,one,one
3594,802,6, ,.
3595,803,0,Yeah,[Yeah]
3596,803,1, ,.
3597,804,0, ,..
3598,804,1,But,But
3599,804,2,that,that
3600,804,3,doesn't,doesn't
3601,804,4,make,make
3602,804,5,any,any
3603,804,6,difference,difference
3604,804,7, ,[%]
3605,804,8, ,.
3606,805,0,Right,[Right]
3607,805,1, ,.
3608,806,0, ,...
3609,806,1,Now,Now
3610,806,2,the,the
3611,806,3,two,two
3612,806,4, ,--
3613,807,0, ,...
3614,807,1,See,See
3615,807,2, ,","
3616,808,0, ,..
3617,808,1,alright,alright
3618,808,2, ,.
3619,809,0, ,..
3620,809,1,Now,Now
3621,809,2, ,.
3622,810,0,Diamonds,Diamonds
3623,810,1,are,are
3624,810,2,a,a-
3625,810,3,wasted,wasted
3626,810,4, ,.
3627,811,0, ,...
3628,811,1,Alright,Alright
3629,811,2, ,.
3630,812,0, ,...
3631,812,1,Did,Did
3632,812,2,you,you
3633,812,3,just,just
3634,812,4,take,take
3635,812,5,that,that
3636,812,6, ,?
3637,813,0, ,..
3638,813,1,No,No
3639,813,2, ,.
3640,814,0,That,That
3641,814,1,heart,heart
3642,814,2, ,?
3643,815,0,No,[No]
3644,815,1, ,?
3645,816,0,No,[No]
3646,816,1, ,.
3647,817,0,Groucho,Groucho
3648,817,1,has,has
3649,817,2,the,the
3650,817,3,uh,uh
3651,817,4, ,","
3652,818,0, ,..
3653,818,1,Spades,Spades
3654,818,2,were,were
3655,818,3,led,[led
3656,818,4, ,.
3657,819,0,The,[The
3658,819,1,f,|f:]
3659,819,2, ,--
3660,820,0,So,|So]
3661,820,1,you,you
3662,820,2,play,play
3663,820,3, ,","
3664,821,0,Spade,Spa:de
3665,821,1,was,was
3666,821,2,led,led
3667,821,3, ,","
3668,822,0,The,[The
3669,822,1,ace,|ace]
3670,822,2, ,.
3671,823,0, ,[
3672,823,1,Take,|Take-
3673,823,2, ,--
3674,824,0,Can,|Can]
3675,824,1,you,you
3676,824,2,play,play
3677,824,3,a,a
3678,824,4,club,club
3679,824,5, ,","
3680,825,0, ,...
3681,825,1,if,if
3682,825,2,spades,spades
3683,825,3,were,were
3684,825,4,led,led
3685,825,5, ,","
3686,826,0,and,and
3687,826,1,you,you
3688,826,2,didn't,[didn't
3689,826,3,have,|have]
3690,826,4, ,","
3691,827,0,I,[I
3692,827,1,can,|can]
3693,827,2, ,--
3694,828,0, ,...
3695,828,1,Yeah,%Yeah
3696,828,2, ,","
3697,829,0,I,[I
3698,829,1,can,|can]
3699,829,2, ,--
3700,830,0,But,[But]
3701,830,1, ,","
3702,831,0,but,but
3703,831,1,if,if
3704,831,2,you,you
3705,831,3,had,had
3706,831,4,hearts,hearts
3707,831,5, ,?
3708,832,0,Yeah,[Yeah
3709,832,1, ,.
3710,833,0, ,[
3711,833,1,So,|So
3712,833,2,you,|you
3713,833,3,can,|can
3714,833,4,play,|play
3715,833,5,anything,|anything
3716,833,6,then,|then]
3717,833,7, ,.
3718,834,0,I,|I
3719,834,1,can,|can
3720,834,2,lead,|lead
3721,834,3, ,--
3722,835,0,I,|I
3723,835,1,can,|can
3724,835,2,pl,|pl-
3725,835,3, ,--
3726,836,0,th,|th-
3727,836,1,I,|I
3728,836,2,can,|can]
3729,836,3,play,play
3730,836,4,anything,[2anything]
3731,836,5, ,.
3732,837,0,So,[2So
3733,837,1,why,|2why
3734,837,2,don't,|2don't
3735,837,3,you,|2you]
3736,837,4,just,just
3737,837,5,get,get
3738,837,6,rid,rid
3739,837,7,of,of
3740,837,8,high,high
3741,837,9,clubs,clubs
3742,837,10, ,.
3743,838,0, ,..
3744,838,1,Right,Right
3745,838,2, ,.
3746,839,0,I'm,I'm
3747,839,1,thinking,#thinking
3748,839,2,I'm,#I'm
3749,839,3,gonna,#gonna
3750,839,4,know,#know
3751,839,5, ,--
3752,840,0,who's,who's
3753,840,1, ,--
3754,841,0,G,G-
3755,841,1,Harpo's,Harpo's
3756,841,2,gonna,gonna
3757,841,3,take,take
3758,841,4,this,this
3759,841,5, ,","
3760,842,0,so,so
3761,842,1,the,the
3762,842,2, ,...
3763,842,3,points,points
3764,842,4,are,are
3765,842,5,split,split
3766,842,6,now,now
3767,842,7, ,.
3768,843,0, ,...
3769,843,1,So,So
3770,843,2,I,I
3771,843,3,don't,don't
3772,843,4,have,have
3773,843,5,to,to
3774,843,6,worry,worry
3775,843,7, ,.
3776,844,0, ,..
3777,844,1,Now,Now
3778,844,2,the,the
3779,844,3,queen,queen
3780,844,4,is,is
3781,844,5,the,the
3782,844,6,highest,highest
3783,844,7, ,","
3784,845,0,so,so
3785,845,1, ,","
3786,846,0, ,...
3787,846,1,Two,Two
3788,846,2,l,l-
3789,846,3, ,--
3790,847,0,the,the
3791,847,1,two,two
3792,847,2,of,of
3793,847,3,hearts,hearts
3794,847,4,is,is
3795,847,5,a,a
3796,847,6,great,great
3797,847,7,lead,lead
3798,847,8, ,.
3799,848,0,You,You
3800,848,1,can't,can't
3801,848,2,lead,lead
3802,848,3,hearts,hearts
3803,848,4, ,","
3804,849,0,unless,unless
3805,849,1,hearts,hearts
3806,849,2,have,have
3807,849,3,already,already
3808,849,4,been,been
3809,849,5,dropped,dropped
3810,849,6, ,","
3811,850,0,also,also
3812,850,1, ,.
3813,851,0,Yeah,Yeah
3814,851,1, ,.
3815,852,0, ,...
3816,852,1, ,..
3817,852,2,Oh,Oh:
3818,852,3,shit,shit
3819,852,4, ,.
3820,853,0, ,...
3821,853,1,Oh,Oh
3822,853,2,fuck,fuck
3823,853,3, ,.
3824,854,0,I,I
3825,854,1,took,took
3826,854,2,a,a
3827,854,3,point,point
3828,854,4,there,there
3829,854,5, ,.
3830,855,0, ,..
3831,855,1,I'm,I'm
3832,855,2,gonna,gonna
3833,855,3,take,take
3834,855,4,all,all:
3835,855,5,the,the
3836,855,6,rest,rest
3837,855,7, ,","
3838,856,0,I,I
3839,856,1,think,think
3840,856,2, ,.
3841,857,0, ,..
3842,857,1,Um,Um
3843,857,2, ,","
3844,858,0, ,...
3845,858,1,How,[How
3846,858,2,can,|can
3847,858,3,you,|you]
3848,858,4, ,.
3849,859,0,Maybe,[Maybe
3850,859,1,not,|not]
3851,859,2, ,.
3852,860,0, ,...
3853,860,1,Oh,Oh:
3854,860,2,man,man
3855,860,3, ,.
3856,861,0, ,...
3857,861,1,I,I
3858,861,2,knew,knew
3859,861,3,it,it
3860,861,4, ,.
3861,862,0,I'm,I'm
3862,862,1,gonna,gonna
3863,862,2,take,take
3864,862,3,all,all
3865,862,4,the,the
3866,862,5,rest,rest
3867,862,6, ,.
3868,863,0, ,...
3869,863,1,Fuck,Fuck
3870,863,2, ,.
3871,864,0, ,...
3872,864,1,I,I
3873,864,2,just,just
3874,864,3,got,got
3875,864,4,like,like
3876,864,5,seven,seven
3877,864,6,points,points
3878,864,7, ,.
3879,865,0,shit,shit
3880,865,1, ,.
3881,866,0, ,...
3882,866,1,Eight,Eight
3883,866,2, ,.
3884,867,0, ,...
3885,867,1, ,:
3886,867,2, ,:
3887,867,3, ,#
3888,868,0, ,...
3889,868,1,Alright,Alright
3890,868,2, ,","
3891,869,0,I,I
3892,869,1,have,have
3893,869,2,no,no
3894,869,3,spades,spades
3895,869,4, ,.
3896,870,0,This,This
3897,870,1,is,is
3898,870,2,a,a
3899,870,3,really,really
3900,870,4,good,good
3901,870,5,hand,hand
3902,870,6, ,.
3903,871,0, ,...
3904,871,1,I,I
3905,871,2,have,have
3906,871,3,no,no
3907,871,4,spades,spades
3908,871,5,whatsoever,whatsoever
3909,871,6, ,.
3910,872,0, ,...
3911,872,1,It's,It's
3912,872,2,really,really
3913,872,3,good,good
3914,872,4, ,.
3915,873,0, ,...
3916,873,1,Play,[Play
3917,873,2,hearts,|hear]ts
3918,873,3, ,.
3919,874,0, ,[]
3920,874,1, , 
3921,875,0,I'm,I'm
3922,875,1,gonna,gonna
3923,875,2,try,try
3924,875,3,to,to
3925,875,4,shoot,shoot
3926,875,5,the,the
3927,875,6,moon,moon
3928,875,7, ,.